Energy (MeV/u)1	0 - [He-base] F.Hubert et al, AD&ND Tables 46(1990)1	Energy (MeV/u)2	1 - [H -base] J.F.Ziegler et al, Pergamon Press, NY (low energy)	Energy (MeV/u)3	2 - ATIMA 1.2  LS-theory (recommended for high energy)	Energy (MeV/u)4	3 - ATIMA 1.2  without LS-correction	Energy (MeV/u)5	4 - electrical component of [1] - J.F.Ziegler et al	Energy (MeV/u)6	5 - nuclear component of [1] - J.F.Ziegler et al	
0.001000	0.17879   	0.001000	0.155363  	0.001000	0.150111  	0.001000	0.150111  	0.001000	0.0701097 	0.001000	0.0852531 	
0.002000	0.195347  	0.002000	0.159646  	0.002000	0.157282  	0.002000	0.157282  	0.002000	0.0940854 	0.002000	0.0655608 	
0.005000	0.236616  	0.005000	0.179938  	0.005000	0.18593   	0.005000	0.18593   	0.005000	0.139031  	0.005000	0.0409069 	
0.008000	0.269336  	0.008000	0.200718  	0.008000	0.214172  	0.008000	0.214172  	0.008000	0.169987  	0.008000	0.0307313 	
0.010000	0.288085  	0.010000	0.213645  	0.010000	0.231695  	0.010000	0.231695  	0.010000	0.187043  	0.010000	0.0266025 	
0.015000	0.335631  	0.015000	0.248136  	0.015000	0.268851  	0.015000	0.268851  	0.015000	0.22798   	0.015000	0.0201555 	
0.020000	0.373619  	0.020000	0.288516  	0.020000	0.307247  	0.020000	0.307247  	0.020000	0.272058  	0.020000	0.0164581 	
0.025000	0.415539  	0.025000	0.327655  	0.025000	0.34514   	0.025000	0.34514   	0.025000	0.313734  	0.025000	0.0139212 	
0.030000	0.451069  	0.030000	0.365648  	0.030000	0.377459  	0.030000	0.377459  	0.030000	0.353478  	0.030000	0.0121702 	
0.035000	0.480279  	0.035000	0.402298  	0.035000	0.408395  	0.035000	0.408395  	0.035000	0.391454  	0.035000	0.0108442 	
0.040000	0.5033    	0.040000	0.437511  	0.040000	0.437965  	0.040000	0.437965  	0.040000	0.42771   	0.040000	0.00980134	
0.045000	0.520377  	0.045000	0.471196  	0.045000	0.466186  	0.045000	0.466186  	0.045000	0.462239  	0.045000	0.00895746	
0.050000	0.531857  	0.050000	0.503277  	0.050000	0.493076  	0.050000	0.493076  	0.050000	0.495017  	0.050000	0.00825909	
0.055000	0.555018  	0.055000	0.533689  	0.055000	0.518653  	0.055000	0.518653  	0.055000	0.526019  	0.055000	0.00767058	
0.060000	0.574746  	0.060000	0.562389  	0.060000	0.54294   	0.060000	0.54294   	0.060000	0.555222  	0.060000	0.0071672 	
0.070000	0.604882  	0.070000	0.614568  	0.070000	0.587753  	0.070000	0.587753  	0.070000	0.608218  	0.070000	0.00634959	
0.080000	0.637217  	0.080000	0.65983   	0.080000	0.62776   	0.080000	0.62776   	0.080000	0.654118  	0.080000	0.00571223	
0.090000	0.662619  	0.090000	0.698802  	0.090000	0.663255  	0.090000	0.663255  	0.090000	0.693602  	0.090000	0.00520012	
0.100000	0.682993  	0.100000	0.732725  	0.100000	0.694558  	0.100000	0.694558  	0.100000	0.727946  	0.100000	0.0047788 	
0.120000	0.695369  	0.120000	0.784026  	0.120000	0.74593   	0.120000	0.74593   	0.120000	0.779901  	0.120000	0.00412464	
0.140000	0.700287  	0.140000	0.817718  	0.140000	0.784519  	0.140000	0.784519  	0.140000	0.814079  	0.140000	0.00363854	
0.160000	0.702029  	0.160000	0.837916  	0.160000	0.812745  	0.160000	0.812745  	0.160000	0.834654  	0.160000	0.0032619 	
0.180000	0.701882  	0.180000	0.846142  	0.180000	0.832698  	0.180000	0.832698  	0.180000	0.843181  	0.180000	0.00296076	
0.200000	0.703417  	0.200000	0.849424  	0.200000	0.846118  	0.200000	0.846118  	0.200000	0.84671   	0.200000	0.00271402	
0.250000	0.69058   	0.250000	0.846029  	0.250000	0.859711  	0.250000	0.859711  	0.250000	0.843774  	0.250000	0.00225482	
0.300000	0.693417  	0.300000	0.84774   	0.300000	0.856033  	0.300000	0.856033  	0.300000	0.845804  	0.300000	0.00193594	
0.350000	0.698614  	0.350000	0.848969  	0.350000	0.843722  	0.350000	0.843722  	0.350000	0.847269  	0.350000	0.00170064	
0.400000	0.697394  	0.400000	0.841414  	0.400000	0.828651  	0.400000	0.828651  	0.400000	0.839895  	0.400000	0.00151932	
0.450000	0.693545  	0.450000	0.831013  	0.450000	0.817651  	0.450000	0.817651  	0.450000	0.829638  	0.450000	0.00137503	
0.500000	0.691602  	0.500000	0.823666  	0.500000	0.804306  	0.500000	0.804306  	0.500000	0.822409  	0.500000	0.00125726	
0.600000	0.66087   	0.600000	0.807647  	0.600000	0.775225  	0.600000	0.775225  	0.600000	0.806571  	0.600000	0.00107618	
0.700000	0.626348  	0.700000	0.789119  	0.700000	0.744462  	0.700000	0.744462  	0.700000	0.788176  	0.700000	0.000943068	
0.800000	0.613024  	0.800000	0.767947  	0.800000	0.715598  	0.800000	0.715598  	0.800000	0.767106  	0.800000	0.000840819	
0.900000	0.598304  	0.900000	0.746344  	0.900000	0.689222  	0.900000	0.689222  	0.900000	0.745584  	0.900000	0.000759653	
1.000000	0.582829  	1.000000	0.7248    	1.000000	0.665017  	1.000000	0.665017  	1.000000	0.724107  	1.000000	0.000693556	
1.250000	0.538646  	1.250000	0.667852  	1.250000	0.611193  	1.250000	0.611193  	1.250000	0.667281  	1.250000	0.000571566	
1.500000	0.493154  	1.500000	0.610249  	1.500000	0.564169  	1.500000	0.564169  	1.500000	0.609762  	1.500000	0.00048769	
1.750000	0.454334  	1.750000	0.561916  	1.750000	0.525087  	1.750000	0.525087  	1.750000	0.56149   	1.750000	0.000426271	
2.000000	0.418214  	2.000000	0.517165  	2.000000	0.491589  	2.000000	0.491589  	2.000000	0.516786  	2.000000	0.000379241	
2.250000	0.38817   	2.250000	0.479472  	2.250000	0.462344  	2.250000	0.462344  	2.250000	0.47913   	2.250000	0.000342006	
2.500000	0.361506  	2.500000	0.447852  	2.500000	0.436503  	2.500000	0.436503  	2.500000	0.447541  	2.500000	0.000311753	
3.000000	0.322152  	3.000000	0.397147  	3.000000	0.392791  	3.000000	0.392791  	3.000000	0.396882  	3.000000	0.000265487	
3.500000	0.290887  	3.500000	0.357594  	3.500000	0.357191  	3.500000	0.357191  	3.500000	0.357362  	3.500000	0.000231685	
4.000000	0.265443  	4.000000	0.325772  	4.000000	0.327637  	4.000000	0.327637  	4.000000	0.325566  	4.000000	0.000205852	
4.500000	0.244324  	4.500000	0.29952   	4.500000	0.302719  	4.500000	0.302719  	4.500000	0.299334  	4.500000	0.000185431	
5.000000	0.226502  	5.000000	0.277407  	5.000000	0.28143   	5.000000	0.28143   	5.000000	0.277238  	5.000000	0.000168861	
5.500000	0.211254  	5.500000	0.258485  	5.500000	0.263035  	5.500000	0.263035  	5.500000	0.25833   	5.500000	0.000155134	
6.000000	0.198053  	6.000000	0.24209   	6.000000	0.24698   	6.000000	0.24698   	6.000000	0.241947  	6.000000	0.000143564	
6.500000	0.186508  	6.500000	0.227736  	6.500000	0.232846  	6.500000	0.232846  	6.500000	0.227602  	6.500000	0.000133674	
7.000000	0.176322  	7.000000	0.215056  	7.000000	0.220306  	7.000000	0.220306  	7.000000	0.214931  	7.000000	0.000125118	
7.500000	0.167266  	7.500000	0.203771  	7.500000	0.209102  	7.500000	0.209102  	7.500000	0.203654  	7.500000	0.000117638	
8.000000	0.159158  	8.000000	0.19366   	8.000000	0.199032  	8.000000	0.199032  	8.000000	0.193549  	8.000000	0.000111041	
8.500000	0.151855  	8.500000	0.184546  	8.500000	0.18993   	8.500000	0.18993   	8.500000	0.184441  	8.500000	0.000105178	
9.000000	0.145241  	9.000000	0.176288  	9.000000	0.181661  	9.000000	0.181661  	9.000000	0.176188  	9.000000	9.99293e-05	
9.500000	0.139222  	9.500000	0.168769  	9.500000	0.174115  	9.500000	0.174115  	9.500000	0.168674  	9.500000	9.52029e-05	
10.000000	0.133719  	10.000000	0.163376  	10.000000	0.1672    	10.000000	0.1672    	10.000000	0.163285  	10.000000	9.09232e-05	
11.000000	0.124016  	11.000000	0.151957  	11.000000	0.154827  	11.000000	0.154931  	11.000000	0.151874  	11.000000	8.34691e-05	
12.000000	0.115727  	12.000000	0.142103  	12.000000	0.14424   	12.000000	0.144412  	12.000000	0.142026  	12.000000	7.71925e-05	
13.000000	0.10856   	13.000000	0.133516  	13.000000	0.135079  	13.000000	0.135295  	13.000000	0.133444  	13.000000	7.18313e-05	
14.000000	0.102299  	14.000000	0.125965  	14.000000	0.127076  	14.000000	0.127321  	14.000000	0.125898  	14.000000	6.71963e-05	
15.000000	0.0967789 	15.000000	0.119275  	15.000000	0.120026  	15.000000	0.120289  	15.000000	0.119212  	15.000000	6.31474e-05	
16.000000	0.0918748 	16.000000	0.113307  	16.000000	0.113772  	16.000000	0.114044  	16.000000	0.113247  	16.000000	5.95785e-05	
17.000000	0.0874874 	17.000000	0.107949  	17.000000	0.10819   	17.000000	0.108462  	17.000000	0.107892  	17.000000	5.64079e-05	
18.000000	0.0835377 	18.000000	0.103112  	18.000000	0.103174  	18.000000	0.103446  	18.000000	0.103058  	18.000000	5.35716e-05	
19.000000	0.0799626 	19.000000	0.0987226 	19.000000	0.0986445 	19.000000	0.0989136 	19.000000	0.0986716 	19.000000	5.10186e-05	
20.000000	0.0767103 	20.000000	0.094722  	20.000000	0.0945384 	20.000000	0.094801  	20.000000	0.0946733 	20.000000	4.87079e-05	
21.000000	0.0737382 	21.000000	0.09106   	21.000000	0.0908008 	21.000000	0.0910535 	21.000000	0.0910134 	21.000000	4.66061e-05	
22.000000	0.0710112 	22.000000	0.0876952 	22.000000	0.0873836 	22.000000	0.0876261 	22.000000	0.0876505 	22.000000	4.46857e-05	
23.000000	0.0684997 	23.000000	0.0845924 	23.000000	0.0842478 	23.000000	0.0844806 	23.000000	0.0845495 	23.000000	4.29239e-05	
24.000000	0.0661786 	24.000000	0.081722  	24.000000	0.0813612 	24.000000	0.081585  	24.000000	0.0816807 	24.000000	4.13015e-05	
25.000000	0.0640267 	25.000000	0.0790586 	25.000000	0.0786967 	25.000000	0.0789117 	25.000000	0.0790188 	25.000000	3.98023e-05	
27.000000	0.0601606 	27.000000	0.0742684 	27.000000	0.0739464 	27.000000	0.0741413 	27.000000	0.0742312 	27.000000	3.7121e-05	
29.000000	0.0567839 	29.000000	0.0700801 	29.000000	0.0698466 	29.000000	0.0700169 	29.000000	0.0700453 	29.000000	3.47918e-05	
31.000000	0.0538078 	31.000000	0.0663859 	31.000000	0.0662268 	31.000000	0.0663663 	31.000000	0.0663531 	31.000000	3.27486e-05	
33.000000	0.0511639 	33.000000	0.0631024 	33.000000	0.0629695 	33.000000	0.0630807 	33.000000	0.0630714 	33.000000	3.09413e-05	
35.000000	0.0487986 	35.000000	0.0601639 	35.000000	0.0600559 	35.000000	0.0601422 	35.000000	0.0601346 	35.000000	2.93307e-05	
38.000000	0.0456822 	38.000000	0.0562918 	38.000000	0.0562173 	38.000000	0.056272  	38.000000	0.0562646 	38.000000	2.72178e-05	
41.000000	0.0429883 	41.000000	0.0529445 	41.000000	0.0529001 	41.000000	0.0529277 	41.000000	0.0529191 	41.000000	2.53999e-05	
44.000000	0.0406349 	44.000000	0.0500211 	44.000000	0.0499957 	44.000000	0.0500073 	44.000000	0.0499973 	44.000000	2.38184e-05	
47.000000	0.0385603 	47.000000	0.0474449 	47.000000	0.0474394 	47.000000	0.0474337 	47.000000	0.0474225 	47.000000	2.24295e-05	
50.000000	0.0367168 	50.000000	0.0451569 	50.000000	0.0451672 	50.000000	0.0451479 	50.000000	0.0451357 	50.000000	2.11997e-05	
55.000000	0.0340603 	55.000000	0.0418623 	55.000000	0.0418888 	55.000000	0.0418558 	55.000000	0.0418429 	55.000000	1.94347e-05	
60.000000	0.0318163 	60.000000	0.0390827 	60.000000	0.0391206 	60.000000	0.0390772 	60.000000	0.0390647 	60.000000	1.7951e-05	
65.000000	0.0298941 	65.000000	0.0367048 	65.000000	0.0367475 	65.000000	0.0366993 	65.000000	0.0366881 	65.000000	1.66855e-05	
70.000000	0.0282278 	70.000000	0.0346465 	70.000000	0.0346973 	70.000000	0.0346401 	70.000000	0.0346309 	70.000000	1.55929e-05	
75.000000	0.0267685 	75.000000	0.0328468 	75.000000	0.032898  	75.000000	0.0328388 	75.000000	0.0328322 	75.000000	1.46395e-05	
80.000000	0.0254792 	80.000000	0.0312594 	80.000000	0.0313139 	80.000000	0.0312494 	80.000000	0.0312456 	80.000000	1.38001e-05	
85.000000	0.0243313 	85.000000	0.0298484 	85.000000	0.0299013 	85.000000	0.029836  	85.000000	0.0298353 	85.000000	1.30551e-05	
90.000000	0.0233021 	90.000000	0.0285856 	90.000000	0.0286402 	90.000000	0.0285707 	90.000000	0.0285732 	90.000000	1.23893e-05	
95.000000	0.0223739 	95.000000	0.0274486 	95.000000	0.0275008 	95.000000	0.0274312 	95.000000	0.0274368 	95.000000	1.17906e-05	
100.000000	0.021532  	100.000000	0.0264194 	100.000000	0.026469  	100.000000	0.0263993 	100.000000	0.0264082 	100.000000	1.12491e-05	
105.000000	0.0207647 	105.000000	0.0254832 	105.000000	0.02553   	105.000000	0.0254605 	105.000000	0.0254724 	105.000000	1.07569e-05	
110.000000	0.0200624 	110.000000	0.0246278 	110.000000	0.0246746 	110.000000	0.0246025 	110.000000	0.0246175 	110.000000	1.03076e-05	
115.000000	0.0194168 	115.000000	0.0238431 	115.000000	0.0238882 	115.000000	0.0238153 	115.000000	0.0238332 	115.000000	9.89565e-06	
120.000000	0.0188213 	120.000000	0.0231205 	120.000000	0.0231627 	120.000000	0.0230904 	120.000000	0.023111  	120.000000	9.51655e-06	
125.000000	0.01827   	125.000000	0.022453  	125.000000	0.0224929 	125.000000	0.0224207 	125.000000	0.0224439 	125.000000	9.16648e-06	
130.000000	0.0177582 	130.000000	0.0218345 	130.000000	0.0218719 	130.000000	0.0218    	130.000000	0.0218256 	130.000000	8.84218e-06	
135.000000	0.0172815 	135.000000	0.0212596 	135.000000	0.0212948 	135.000000	0.0212231 	135.000000	0.0212511 	135.000000	8.54088e-06	
140.000000	0.0168365 	140.000000	0.020724  	140.000000	0.020757  	140.000000	0.0206856 	140.000000	0.0207157 	140.000000	8.26018e-06	
145.000000	0.0164199 	145.000000	0.0202236 	145.000000	0.0202546 	145.000000	0.0201835 	145.000000	0.0202156 	145.000000	7.99801e-06	
150.000000	0.0160291 	150.000000	0.0197551 	150.000000	0.0197843 	150.000000	0.0197134 	150.000000	0.0197474 	150.000000	7.75258e-06	
155.000000	0.0154789 	155.000000	0.0193156 	155.000000	0.019343  	155.000000	0.0192724 	155.000000	0.0193081 	155.000000	7.52232e-06	
160.000000	0.0151563 	160.000000	0.0189024 	160.000000	0.0189281 	160.000000	0.0188578 	160.000000	0.0188951 	160.000000	7.30583e-06	
165.000000	0.0148522 	165.000000	0.0185132 	165.000000	0.0185374 	165.000000	0.0184674 	165.000000	0.0185061 	165.000000	7.10191e-06	
170.000000	0.0145649 	170.000000	0.0181459 	170.000000	0.0181687 	170.000000	0.018099  	170.000000	0.018139  	170.000000	6.90948e-06	
175.000000	0.014293  	175.000000	0.0177988 	175.000000	0.0178204 	175.000000	0.0177509 	175.000000	0.0177921 	175.000000	6.72758e-06	
180.000000	0.0140354 	180.000000	0.0174703 	180.000000	0.0174906 	180.000000	0.0174215 	180.000000	0.0174637 	180.000000	6.55536e-06	
185.000000	0.0137908 	185.000000	0.0171588 	185.000000	0.0171781 	185.000000	0.0171092 	185.000000	0.0171524 	185.000000	6.39206e-06	
190.000000	0.0135585 	190.000000	0.0168632 	190.000000	0.0168815 	190.000000	0.0168128 	190.000000	0.0168569 	190.000000	6.237e-06 	
195.000000	0.0133373 	195.000000	0.0165821 	195.000000	0.0165995 	195.000000	0.0165312 	195.000000	0.016576  	195.000000	6.08955e-06	
200.000000	0.0131266 	200.000000	0.0163146 	200.000000	0.0163313 	200.000000	0.0162632 	200.000000	0.0163086 	200.000000	5.94917e-06	
210.000000	0.0127336 	210.000000	0.0158165 	210.000000	0.0158319 	210.000000	0.0157643 	210.000000	0.0158108 	210.000000	5.68764e-06	
220.000000	0.0123744 	220.000000	0.0153622 	220.000000	0.0153768 	220.000000	0.0153097 	220.000000	0.0153568 	220.000000	5.44892e-06	
230.000000	0.0120448 	230.000000	0.0149463 	230.000000	0.0149602 	230.000000	0.0148936 	230.000000	0.0149411 	230.000000	5.23011e-06	
240.000000	0.0117413 	240.000000	0.014564  	240.000000	0.0145775 	240.000000	0.0145114 	240.000000	0.014559  	240.000000	5.0288e-06	
250.000000	0.0114608 	250.000000	0.0142115 	250.000000	0.0142251 	250.000000	0.0141593 	250.000000	0.0142067 	250.000000	4.84294e-06	
260.000000	0.0112009 	260.000000	0.0138855 	260.000000	0.0138985 	260.000000	0.0138338 	260.000000	0.0138808 	260.000000	4.6708e-06	
270.000000	0.0109593 	270.000000	0.013583  	270.000000	0.0135953 	270.000000	0.0135321 	270.000000	0.0135785 	270.000000	4.5109e-06	
280.000000	0.0107342 	280.000000	0.0133017 	280.000000	0.0133147 	280.000000	0.0132517 	280.000000	0.0132974 	280.000000	4.36197e-06	
290.000000	0.010524  	290.000000	0.0130395 	290.000000	0.0130532 	290.000000	0.0129905 	290.000000	0.0130352 	290.000000	4.22289e-06	
300.000000	0.0103271 	300.000000	0.0127944 	300.000000	0.0128089 	300.000000	0.0127467 	300.000000	0.0127903 	300.000000	4.09271e-06	
310.000000	0.0101425 	310.000000	0.0125649 	310.000000	0.0125805 	310.000000	0.0125185 	310.000000	0.0125609 	310.000000	3.97059e-06	
320.000000	0.00996896	320.000000	0.0123496 	320.000000	0.0123663 	320.000000	0.0123046 	320.000000	0.0123457 	320.000000	3.85581e-06	
330.000000	0.00980555	330.000000	0.0121472 	330.000000	0.012165  	330.000000	0.0121038 	330.000000	0.0121434 	330.000000	3.7477e-06	
340.000000	0.00965143	340.000000	0.0119566 	340.000000	0.0119758 	340.000000	0.0119148 	340.000000	0.011953  	340.000000	3.64569e-06	
350.000000	0.00950584	350.000000	0.0117769 	350.000000	0.0117976 	350.000000	0.0117367 	350.000000	0.0117733 	350.000000	3.54929e-06	
360.000000	0.00936809	360.000000	0.0116071 	360.000000	0.0116288 	360.000000	0.0115687 	360.000000	0.0116036 	360.000000	3.45803e-06	
370.000000	0.00923759	370.000000	0.0114464 	370.000000	0.0114689 	370.000000	0.0114099 	370.000000	0.0114431 	370.000000	3.3715e-06	
380.000000	0.00911379	380.000000	0.0112943 	380.000000	0.0113181 	380.000000	0.0112596 	380.000000	0.011291  	380.000000	3.28935e-06	
390.000000	0.0089962 	390.000000	0.01115   	390.000000	0.0111756 	390.000000	0.0111171 	390.000000	0.0111468 	390.000000	3.21125e-06	
400.000000	0.00888437	400.000000	0.011013  	400.000000	0.0110403 	400.000000	0.010982  	400.000000	0.0110098 	400.000000	3.1369e-06	
410.000000	0.0087779 	410.000000	0.0108827 	410.000000	0.0109117 	410.000000	0.0108537 	410.000000	0.0108796 	410.000000	3.06603e-06	
420.000000	0.00867644	420.000000	0.0107587 	420.000000	0.0107895 	420.000000	0.0107317 	420.000000	0.0107557 	420.000000	2.9984e-06	
430.000000	0.00857964	430.000000	0.0106405 	430.000000	0.0106731 	430.000000	0.0106156 	430.000000	0.0106376 	430.000000	2.9338e-06	
440.000000	0.0084872 	440.000000	0.0105279 	440.000000	0.0105624 	440.000000	0.0105049 	440.000000	0.010525  	440.000000	2.87201e-06	
450.000000	0.00839886	450.000000	0.0104203 	450.000000	0.0104567 	450.000000	0.0103994 	450.000000	0.0104175 	450.000000	2.81287e-06	
460.000000	0.00831435	460.000000	0.0103176 	460.000000	0.0103554 	460.000000	0.0102987 	460.000000	0.0103148 	460.000000	2.7562e-06	
470.000000	0.00823344	470.000000	0.0102193 	470.000000	0.0102585 	470.000000	0.0102024 	470.000000	0.0102166 	470.000000	2.70184e-06	
480.000000	0.00815592	480.000000	0.0101253 	480.000000	0.0101659 	480.000000	0.0101104 	480.000000	0.0101227 	480.000000	2.64966e-06	
490.000000	0.00808159	490.000000	0.0100353 	490.000000	0.0100777 	490.000000	0.0100224 	490.000000	0.0100327 	490.000000	2.59953e-06	
500.000000	0.00801027	500.000000	0.00994895	500.000000	0.00999336	500.000000	0.00993811	500.000000	0.0099464 	500.000000	2.55132e-06	
520.000000	0.00787599	520.000000	0.00978672	520.000000	0.00983486	520.000000	0.00977987	520.000000	0.00978426	520.000000	2.46026e-06	
540.000000	0.0077519 	540.000000	0.00963708	540.000000	0.00968888	540.000000	0.00963419	540.000000	0.0096347 	540.000000	2.37568e-06	
560.000000	0.00763694	560.000000	0.00949872	560.000000	0.00955414	560.000000	0.00949972	560.000000	0.00949643	560.000000	2.29692e-06	
580.000000	0.00753022	580.000000	0.00937052	580.000000	0.00942936	580.000000	0.00937533	580.000000	0.0093683 	580.000000	2.22338e-06	
600.000000	0.00743097	600.000000	0.00925148	600.000000	0.0093134 	600.000000	0.00926001	600.000000	0.00924933	600.000000	2.15456e-06	
620.000000	0.00733848	620.000000	0.00914074	620.000000	0.00920566	620.000000	0.0091529 	620.000000	0.00913865	620.000000	2.09001e-06	
640.000000	0.00725217	640.000000	0.00903755	640.000000	0.00910571	640.000000	0.00905322	640.000000	0.00903552	640.000000	2.02935e-06	
660.000000	0.0071715 	660.000000	0.00894122	660.000000	0.00901266	660.000000	0.00896031	660.000000	0.00893925	660.000000	1.97222e-06	
680.000000	0.007096  	680.000000	0.00885118	680.000000	0.00892572	680.000000	0.00887357	680.000000	0.00884926	680.000000	1.91833e-06	
700.000000	0.00702524	700.000000	0.0087669 	700.000000	0.00884446	700.000000	0.00879247	700.000000	0.00876503	700.000000	1.8674e-06	
720.000000	0.00695886	720.000000	0.0086879 	720.000000	0.00876844	720.000000	0.00871653	720.000000	0.00868609	720.000000	1.81919e-06	
740.000000	0.00689652	740.000000	0.00861378	740.000000	0.00869698	740.000000	0.00864534	740.000000	0.00861201	740.000000	1.77349e-06	
760.000000	0.00683791	760.000000	0.00854416	760.000000	0.00862961	760.000000	0.00857852	760.000000	0.00854243	760.000000	1.7301e-06	
780.000000	0.00678277	780.000000	0.0084787 	780.000000	0.00856629	780.000000	0.00851574	780.000000	0.00847701	780.000000	1.68886e-06	
800.000000	0.00673084	800.000000	0.00841709	800.000000	0.00850694	800.000000	0.00845668	800.000000	0.00841544	800.000000	1.64961e-06	
820.000000	0.00668192	820.000000	0.00835906	820.000000	0.00845123	820.000000	0.00840107	820.000000	0.00835745	820.000000	1.61219e-06	
840.000000	0.00663578	840.000000	0.00830436	840.000000	0.00839875	840.000000	0.00834866	840.000000	0.00830279	840.000000	1.57649e-06	
860.000000	0.00659226	860.000000	0.00825277	860.000000	0.0083492 	860.000000	0.00829922	860.000000	0.00825123	860.000000	1.54239e-06	
880.000000	0.00655118	880.000000	0.00820407	880.000000	0.0083024 	880.000000	0.00825255	880.000000	0.00820256	880.000000	1.50979e-06	
900.000000	0.00651239	900.000000	0.00815808	900.000000	0.00825822	900.000000	0.00820846	900.000000	0.0081566 	900.000000	1.47857e-06	
920.000000	0.00647574	920.000000	0.00811463	920.000000	0.00821648	920.000000	0.00816677	920.000000	0.00811318	920.000000	1.44867e-06	
940.000000	0.00644112	940.000000	0.00807355	940.000000	0.00817695	940.000000	0.00812733	940.000000	0.00807213	940.000000	1.41999e-06	
960.000000	0.00640839	960.000000	0.00803471	960.000000	0.00813941	960.000000	0.00808999	960.000000	0.00803331	960.000000	1.39246e-06	
980.000000	0.00637746	980.000000	0.00799796	980.000000	0.00810373	980.000000	0.00805462	980.000000	0.00799659	980.000000	1.36601e-06	
1000.000000	0.00634821	1000.000000	0.00796319	1000.000000	0.00806986	1000.000000	0.0080211 	1000.000000	0.00796185	1000.000000	1.34059e-06	
1020.000000	0.00632057	1020.000000	0.00793028	1020.000000	0.00803777	1020.000000	0.00798932	1020.000000	0.00792896	1020.000000	1.31612e-06	
1040.000000	0.00629443	1040.000000	0.00789912	1040.000000	0.00800741	1040.000000	0.00795916	1040.000000	0.00789783	1040.000000	1.29256e-06	
1060.000000	0.00626972	1060.000000	0.00786963	1060.000000	0.00797869	1060.000000	0.00793055	1060.000000	0.00786836	1060.000000	1.26985e-06	
1080.000000	0.00624636	1080.000000	0.0078417 	1080.000000	0.00795146	1080.000000	0.00790338	1080.000000	0.00784045	1080.000000	1.24796e-06	
1100.000000	0.00622429	1100.000000	0.00781526	1100.000000	0.00792562	1100.000000	0.00787757	1100.000000	0.00781403	1100.000000	1.22683e-06	
1120.000000	0.00620344	1120.000000	0.00779023	1120.000000	0.00790106	1120.000000	0.00785305	1120.000000	0.00778902	1120.000000	1.20643e-06	
1140.000000	0.00618375	1140.000000	0.00776652	1140.000000	0.00787768	1140.000000	0.00782974	1140.000000	0.00776534	1140.000000	1.18672e-06	
1160.000000	0.00616517	1160.000000	0.00774409	1160.000000	0.00785545	1160.000000	0.00780759	1160.000000	0.00774292	1160.000000	1.16766e-06	
1180.000000	0.00614764	1180.000000	0.00772286	1180.000000	0.00783431	1180.000000	0.00778652	1180.000000	0.00772171	1180.000000	1.14923e-06	
1200.000000	0.00613111	1200.000000	0.00770278	1200.000000	0.00781422	1200.000000	0.00776648	1200.000000	0.00770164	1200.000000	1.13139e-06	
1220.000000	0.00611554	1220.000000	0.00768378	1220.000000	0.00779512	1220.000000	0.00774741	1220.000000	0.00768266	1220.000000	1.11411e-06	
1240.000000	0.00610088	1240.000000	0.00766582	1240.000000	0.00777695	1240.000000	0.00772928	1240.000000	0.00766472	1240.000000	1.09737e-06	
1260.000000	0.00608709	1260.000000	0.00764885	1260.000000	0.00775966	1260.000000	0.00771201	1260.000000	0.00764777	1260.000000	1.08114e-06	
1280.000000	0.00607414	1280.000000	0.00763282	1280.000000	0.00774318	1280.000000	0.00769559	1280.000000	0.00763176	1280.000000	1.0654e-06	
1300.000000	0.00606199	1300.000000	0.00761769	1300.000000	0.00772747	1300.000000	0.00767996	1300.000000	0.00761664	1300.000000	1.05012e-06	
1320.000000	0.0060506 	1320.000000	0.00760343	1320.000000	0.00771247	1320.000000	0.00766508	1320.000000	0.00760239	1320.000000	1.0353e-06	
1340.000000	0.00603995	1340.000000	0.00758998	1340.000000	0.00769815	1340.000000	0.00765091	1340.000000	0.00758896	1340.000000	1.02089e-06	
1360.000000	0.00603   	1360.000000	0.00757733	1360.000000	0.0076845 	1360.000000	0.00763743	1360.000000	0.00757632	1360.000000	1.0069e-06	
1380.000000	0.00602072	1380.000000	0.00756542	1380.000000	0.00767149	1380.000000	0.0076246 	1380.000000	0.00756443	1380.000000	9.933e-07 	
1400.000000	0.0060121 	1400.000000	0.00755424	1400.000000	0.00765911	1400.000000	0.00761239	1400.000000	0.00755326	1400.000000	9.80073e-07	
1420.000000	0.00600409	1420.000000	0.00754375	1420.000000	0.00764733	1420.000000	0.00760078	1420.000000	0.00754278	1420.000000	9.67204e-07	
1440.000000	0.00599669	1440.000000	0.00753392	1440.000000	0.00763615	1440.000000	0.00758972	1440.000000	0.00753297	1440.000000	9.54681e-07	
1460.000000	0.00598986	1460.000000	0.00752473	1460.000000	0.00762554	1460.000000	0.00757921	1460.000000	0.00752378	1460.000000	9.42488e-07	
1480.000000	0.00598358	1480.000000	0.00751615	1480.000000	0.00761547	1480.000000	0.00756921	1480.000000	0.00751521	1480.000000	9.30613e-07	
1500.000000	0.00597784	1500.000000	0.00750815	1500.000000	0.00760591	1500.000000	0.0075597 	1500.000000	0.00750723	1500.000000	9.19043e-07	
1520.000000	0.00597261	1520.000000	0.00750072	1520.000000	0.00759684	1520.000000	0.00755066	1520.000000	0.00749981	1520.000000	9.07766e-07	
1540.000000	0.00596788	1540.000000	0.00749383	1540.000000	0.00758823	1540.000000	0.00754207	1540.000000	0.00749293	1540.000000	8.96772e-07	
1560.000000	0.00596363	1560.000000	0.00748746	1560.000000	0.00758006	1560.000000	0.00753391	1560.000000	0.00748657	1560.000000	8.8605e-07	
1580.000000	0.00595984	1580.000000	0.00748159	1580.000000	0.0075723 	1580.000000	0.00752617	1580.000000	0.00748072	1580.000000	8.75589e-07	
1600.000000	0.00595649	1600.000000	0.00747621	1600.000000	0.00756493	1600.000000	0.00751881	1600.000000	0.00747534	1600.000000	8.65381e-07	
1620.000000	0.00595358	1620.000000	0.00747129	1620.000000	0.00755794	1620.000000	0.00751184	1620.000000	0.00747044	1620.000000	8.55415e-07	
1640.000000	0.00595108	1640.000000	0.00746682	1640.000000	0.00755131	1640.000000	0.00750523	1640.000000	0.00746598	1640.000000	8.45684e-07	
1660.000000	0.00594898	1660.000000	0.00746279	1660.000000	0.00754501	1660.000000	0.00749896	1660.000000	0.00746195	1660.000000	8.36179e-07	
1680.000000	0.00594728	1680.000000	0.00745917	1680.000000	0.00753906	1680.000000	0.00749303	1680.000000	0.00745834	1680.000000	8.26892e-07	
1700.000000	0.00594595	1700.000000	0.00745595	1700.000000	0.00753341	1700.000000	0.00748742	1700.000000	0.00745513	1700.000000	8.17816e-07	
1750.000000	0.0059442 	1750.000000	0.00744958	1750.000000	0.00752062	1750.000000	0.00747471	1750.000000	0.00744879	1750.000000	7.96002e-07	
1800.000000	0.00594455	1800.000000	0.00744545	1800.000000	0.00750957	1800.000000	0.00746373	1800.000000	0.00744467	1800.000000	7.75356e-07	
1850.000000	0.00594686	1850.000000	0.00744336	1850.000000	0.00750009	1850.000000	0.00745433	1850.000000	0.00744261	1850.000000	7.55788e-07	
1900.000000	0.00595099	1900.000000	0.00744317	1900.000000	0.00749203	1900.000000	0.00744635	1900.000000	0.00744243	1900.000000	7.37214e-07	
1950.000000	0.0059568 	1950.000000	0.00744472	1950.000000	0.00748526	1950.000000	0.00743967	1950.000000	0.007444  	1950.000000	7.19558e-07	
2000.000000	0.00596419	2000.000000	0.00744789	2000.000000	0.00747966	2000.000000	0.00743417	2000.000000	0.00744719	2000.000000	7.02755e-07	
2100.000000	0.00598329	2100.000000	0.00745862	2100.000000	0.00747155	2100.000000	0.0074263 	2100.000000	0.00745795	2100.000000	6.71467e-07	
2200.000000	0.00600757	2200.000000	0.00747453	2200.000000	0.00746702	2200.000000	0.00742203	2200.000000	0.00747389	2200.000000	6.42926e-07	
2300.000000	0.00603643	2300.000000	0.00749496	2300.000000	0.00746555	2300.000000	0.00742078	2300.000000	0.00749434	2300.000000	6.16783e-07	
2400.000000	0.00606937	2400.000000	0.00751933	2400.000000	0.00746667	2400.000000	0.00742207	2400.000000	0.00751873	2400.000000	5.92745e-07	
2500.000000	0.00610597	2500.000000	0.00754716	2500.000000	0.00747001	2500.000000	0.0074255 	2500.000000	0.00754659	2500.000000	5.70565e-07	
2600.000000	0.00614587	2600.000000	0.00757807	2600.000000	0.0074752 	2600.000000	0.00743075	2600.000000	0.00757752	2600.000000	5.50033e-07	
2700.000000	0.00618876	2700.000000	0.00761169	2700.000000	0.00748196	2700.000000	0.00743754	2700.000000	0.00761116	2700.000000	5.3097e-07	
2800.000000	0.00623437	2800.000000	0.00764774	2800.000000	0.00749002	2800.000000	0.00744564	2800.000000	0.00764723	2800.000000	5.13224e-07	
2900.000000	0.00628247	2900.000000	0.00768597	2900.000000	0.0074992 	2900.000000	0.00745485	2900.000000	0.00768547	2900.000000	4.9666e-07	
3000.000000	0.00633286	3000.000000	0.00772614	3000.000000	0.00750931	3000.000000	0.00746501	3000.000000	0.00772566	3000.000000	4.81163e-07	
3200.000000	0.00643983	3200.000000	0.00781159	3200.000000	0.00753183	3200.000000	0.00748762	3200.000000	0.00781113	3200.000000	4.52979e-07	
3400.000000	0.00655409	3400.000000	0.00790281	3400.000000	0.00755668	3400.000000	0.00751258	3400.000000	0.00790238	3400.000000	4.28004e-07	
3600.000000	0.00667473	3600.000000	0.00799882	3600.000000	0.0075832 	3600.000000	0.00753921	3600.000000	0.00799841	3600.000000	4.05713e-07	
3800.000000	0.00680102	3800.000000	0.00809883	3800.000000	0.00761089	3800.000000	0.007567  	3800.000000	0.00809844	3800.000000	3.85692e-07	
4000.000000	0.00693235	4000.000000	0.0082022 	4000.000000	0.00763937	4000.000000	0.00759558	4000.000000	0.00820183	4000.000000	3.67609e-07	
4200.000000	0.00706825	4200.000000	0.00830844	4200.000000	0.00766836	4200.000000	0.00762466	4200.000000	0.00830809	4200.000000	3.51192e-07	
4400.000000	0.00720832	4400.000000	0.00841713	4400.000000	0.00769764	4400.000000	0.00765402	4400.000000	0.00841679	4400.000000	3.36219e-07	
4600.000000	0.00735222	4600.000000	0.00852792	4600.000000	0.00772703	4600.000000	0.00768349	4600.000000	0.00852759	4600.000000	3.22506e-07	
4800.000000	0.00749969	4800.000000	0.00864053	4800.000000	0.0077564 	4800.000000	0.00771294	4800.000000	0.00864022	4800.000000	3.09899e-07	
5000.000000	0.00765048	5000.000000	0.00875472	5000.000000	0.00778566	5000.000000	0.00774227	5000.000000	0.00875442	5000.000000	2.98267e-07	
5250.000000	0.00784334	5250.000000	0.00889937	5250.000000	0.00782196	5250.000000	0.00777865	5250.000000	0.00889909	5250.000000	2.84935e-07	
5500.000000	0.00804076	5500.000000	0.00904585	5500.000000	0.00785785	5500.000000	0.00781461	5500.000000	0.00904558	5500.000000	2.72775e-07	
6000.000000	0.00844822	6000.000000	0.00934326	6000.000000	0.0079281 	6000.000000	0.00788498	6000.000000	0.00934301	6000.000000	2.51402e-07	
6500.000000	0.00887116	6500.000000	0.00964528	6500.000000	0.00799604	6500.000000	0.00795302	6500.000000	0.00964505	6500.000000	2.33217e-07	
7000.000000	0.00930835	7000.000000	0.00995074	7000.000000	0.00806151	7000.000000	0.00801859	7000.000000	0.00995052	7000.000000	2.1755e-07	
7500.000000	0.00975888	7500.000000	0.0102588 	7500.000000	0.00812437	7500.000000	0.00808166	7500.000000	0.0102586 	7500.000000	2.03909e-07	
8000.000000	0.0102221 	8000.000000	0.0105688 	8000.000000	0.00818488	8000.000000	0.00814228	8000.000000	0.0105686 	8000.000000	1.9192e-07	
8500.000000	0.0106974 	8500.000000	0.0108802 	8500.000000	0.00824316	8500.000000	0.00820056	8500.000000	0.01088   	8500.000000	1.81299e-07	
9000.000000	0.0111844 	9000.000000	0.0111928 	9000.000000	0.00829922	9000.000000	0.00825659	9000.000000	0.0111926 	9000.000000	1.71821e-07	
9500.000000	0.0116829 	9500.000000	0.0115062 	9500.000000	0.00835301	9500.000000	0.0083105 	9500.000000	0.0115061 	9500.000000	1.63311e-07	
10000.000000	0.0121925 	10000.000000	0.0118203 	10000.000000	0.00840465	10000.000000	0.00836241	10000.000000	0.0118201 	10000.000000	1.55626e-07	
11000.000000	0.0132443 	11000.000000	0.0124496 	11000.000000	0.0085025 	11000.000000	0.00846068	11000.000000	0.0124495 	11000.000000	1.4229e-07	
12000.000000	0.0143387 	12000.000000	0.0130798 	12000.000000	0.0085941 	12000.000000	0.00855226	12000.000000	0.0130796 	12000.000000	1.31112e-07	
13000.000000	0.0154748 	13000.000000	0.0137101 	13000.000000	0.0086797 	13000.000000	0.00863791	13000.000000	0.01371   	13000.000000	1.21603e-07	
14000.000000	0.016652  	14000.000000	0.0143402 	14000.000000	0.00875976	14000.000000	0.00871829	14000.000000	0.0143401 	14000.000000	1.13413e-07	
15000.000000	0.0178701 	15000.000000	0.0149698 	15000.000000	0.00883493	15000.000000	0.00879397	15000.000000	0.0149697 	15000.000000	1.06283e-07	
16000.000000	0.0191288 	16000.000000	0.0155987 	16000.000000	0.0089059 	16000.000000	0.00886545	16000.000000	0.0155986 	16000.000000	1.00018e-07	
17000.000000	0.0204279 	17000.000000	0.0162267 	17000.000000	0.00897318	17000.000000	0.00893315	17000.000000	0.0162266 	17000.000000	9.44685e-08	
18000.000000	0.0217674 	18000.000000	0.0168538 	18000.000000	0.00903716	18000.000000	0.00899742	18000.000000	0.0168537 	18000.000000	8.95177e-08	
19000.000000	0.0231473 	19000.000000	0.01748   	19000.000000	0.00909815	19000.000000	0.00905859	19000.000000	0.0174799 	19000.000000	8.50727e-08	
20000.000000	0.0245675 	20000.000000	0.0181051 	20000.000000	0.00915639	20000.000000	0.00911694	20000.000000	0.018105  	20000.000000	8.10593e-08	
21000.000000	0.0260282 	21000.000000	0.0187292 	21000.000000	0.009212  	21000.000000	0.0091727 	21000.000000	0.0187291 	21000.000000	7.7417e-08	
22000.000000	0.0275293 	22000.000000	0.0193522 	22000.000000	0.00926493	22000.000000	0.0092261 	22000.000000	0.0193521 	22000.000000	7.40961e-08	
23000.000000	0.0290711 	23000.000000	0.0199742 	23000.000000	0.00931571	23000.000000	0.00927731	23000.000000	0.0199742 	23000.000000	7.10556e-08	
24000.000000	0.0306537 	24000.000000	0.0205953 	24000.000000	0.00936454	24000.000000	0.00932651	24000.000000	0.0205952 	24000.000000	6.8261e-08	
25000.000000	0.0322772 	25000.000000	0.0212153 	25000.000000	0.00941148	25000.000000	0.00937385	25000.000000	0.0212152 	25000.000000	6.56835e-08	
26000.000000	0.0339416 	26000.000000	0.0218343 	26000.000000	0.0094567 	26000.000000	0.00941946	26000.000000	0.0218342 	26000.000000	6.32985e-08	
27000.000000	0.0356473 	27000.000000	0.0224523 	27000.000000	0.00950034	27000.000000	0.00946346	27000.000000	0.0224522 	27000.000000	6.10851e-08	
28000.000000	0.0373944 	28000.000000	0.0230694 	28000.000000	0.00954246	28000.000000	0.00950596	28000.000000	0.0230693 	28000.000000	5.90251e-08	
29000.000000	0.039183  	29000.000000	0.0236855 	29000.000000	0.00958315	29000.000000	0.00954705	29000.000000	0.0236854 	29000.000000	5.71031e-08	
30000.000000	0.0410133 	30000.000000	0.0243007 	30000.000000	0.00962249	30000.000000	0.00958683	30000.000000	0.0243006 	30000.000000	5.53055e-08	
32000.000000	0.0447999 	32000.000000	0.0255284 	32000.000000	0.00969749	32000.000000	0.00966276	32000.000000	0.0255284 	32000.000000	5.20378e-08	
34000.000000	0.0487558 	34000.000000	0.0267527 	34000.000000	0.00976806	34000.000000	0.0097343 	34000.000000	0.0267527 	34000.000000	4.91438e-08	
36000.000000	0.0528826 	36000.000000	0.0279737 	36000.000000	0.00983457	36000.000000	0.00980194	36000.000000	0.0279737 	36000.000000	4.65623e-08	
38000.000000	0.0571821 	38000.000000	0.0291916 	38000.000000	0.0098974 	38000.000000	0.00986608	38000.000000	0.0291916 	38000.000000	4.42449e-08	
40000.000000	0.0616559 	40000.000000	0.0304064 	40000.000000	0.00995698	40000.000000	0.00992705	40000.000000	0.0304064 	40000.000000	4.21528e-08	
42000.000000	0.066306  	42000.000000	0.0316184 	42000.000000	0.0100137 	42000.000000	0.00998516	42000.000000	0.0316184 	42000.000000	4.02543e-08	
44000.000000	0.071134  	44000.000000	0.0328276 	44000.000000	0.0100679 	44000.000000	0.0100407 	44000.000000	0.0328276 	44000.000000	3.85236e-08	
46000.000000	0.076142  	46000.000000	0.0340341 	46000.000000	0.0101197 	46000.000000	0.0100938 	46000.000000	0.0340341 	46000.000000	3.69392e-08	
48000.000000	0.0813316 	48000.000000	0.0352381 	48000.000000	0.0101694 	48000.000000	0.0101447 	48000.000000	0.0352381 	48000.000000	3.54831e-08	
50000.000000	0.086705  	50000.000000	0.0364397 	50000.000000	0.010217  	50000.000000	0.0101936 	50000.000000	0.0364397 	50000.000000	3.41403e-08	
