853
830
832
852
851
837
798
846
852
803
824
766
850
799
841
782
865
844
786
858
788
812
840
828
829
806
768
830
837
819
819
818
779
810
846
885
819
818
782
819
804
841
821
799
806
811
823
819
809
798
802
803
826
818
793
789
787
741
795
841
820
859
827
825
821
771
808
827
841
875
825
854
816
791
835
808
816
816
818
793
866
812
783
817
787
847
777
838
808
817
816
814
777
771
840
848
823
846
835
817
765
815
863
799
817
810
834
829
802
803
815
816
805
827
795
805
775
840
812
808
793
783
822
774
848
861
811
797
824
814
826
795
794
826
816
804
802
788
803
863
852
793
841
844
826
828
852
808
806
841
783
870
812
802
797
797
826
812
826
763
807
813
817
841
776
843
804
797
830
793
814
780
737
850
839
795
851
799
833
827
809
806
860
789
835
799
844
814
817
776
848
809
752
797
869
835
830
798
851
845
780
836
780
779
847
772
777
860
833
799
848
819
829
802
811
831
805
821
854
799
810
852
827
857
830
836
833
869
848
838
817
811
842
795
832
814
811
811
804
812
826
861
846
799
828
823
805
833
881
869
779
810
790
829
803
841
828
803
851
790
801
827
832
837
763
796
847
823
805
862
876
799
813
867
783
773
822
798
733
881
804
837
787
800
782
818
814
825
790
780
855
862
826
811
857
804
772
757
828
800
785
839
860
782
829
821
781
816
786
811
848
796
860
842
804
784
773
792
793
857
811
839
831
850
852
833
861
792
837
844
846
846
789
826
826
865
784
850
836
780
835
831
836
833
811
816
805
799
825
837
735
755
835
838
855
822
816
824
822
799
821
872
795
848
810
796
777
812
822
830
788
841
810
843
858
818
795
797
814
829
780
766
875
797
843
808
766
831
836
830
856
850
785
748
785
854
780
851
819
800
823
833
821
805
813
819
832
801
905
849
798
851
851
809
816
840
811
815
850
830
798
827
792
810
819
811
800
769
820
820
787
825
807
775
811
793
823
791
848
833
855
821
854
808
837
830
803
772
812
845
827
848
854
825
799
803
746
818
789
797
790
833
806
833
840
818
769
863
816
782
796
834
855
833
840
746
772
804
800
839
811
849
822
827
759
836
906
826
803
783
787
828
846
782
850
877
854
837
811
816
836
799
827
801
855
825
831
780
857
855
809
853
848
795
860
822
846
823
858
830
800
731
789
799
795
800
813
828
782
798
822
783
828
867
803
812
778
807
840
760
794
791
839
841
856
861
774
802
844
808
756
754
790
827
822
817
770
770
783
772
841
816
813
777
851
836
826
765
751
797
825
802
811
823
854
836
827
817
804
820
799
844
821
822
864
792
896
837
772
866
827
753
813
785
828
892
799
854
859
831
840
851
875
800
855
786
814
805
768
790
820
850
794
789
764
827
801
783
792
773
813
808
800
811
776
815
824
812
837
833
829
789
796
792
811
805
790
863
779
821
797
795
842
832
793
833
816
877
798
835
810
831
890
804
737
790
810
808
795
831
875
840
834
815
785
836
772
850
799
818
822
833
823
788
771
820
816
847
782
777
844
797
789
817
787
761
799
800
818
815
808
814
803
819
818
823
829
800
864
799
799
840
844
838
844
827
768
822
856
857
860
889
780
810
844
812
797
816
831
825
833
859
816
855
797
867
811
762
741
834
814
774
869
784
851
813
806
812
839
811
802
879
812
802
843
812
836
756
826
776
840
811
806
887
830
795
802
818
824
804
835
789
766
869
804
841
800
804
831
873
824
796
798
816
782
812
811
830
844
857
786
813
803
836
842
805
816
800
827
856
768
847
811
840
847
820
851
847
786
804
839
767
816
769
784
844
759
846
822
814
835
852
883
828
864
812
789
867
847
795
824
787
789
820
827
824
805
789
832
786
822
845
795
849
864
899
777
792
825
843
832
871
823
836
813
851
819
856
774
798
852
771
790
793
797
834
769
792
803
800
761
807
824
763
815
834
874
826
776
790
875
795
803
835
825
795
873
810
848
827
814
822
829
819
843
819
782
843
823
827
813
833
850
753
805
810
799
814
824
812
779
830
832
840
818
830
769
815
817
803
801
880
811
823
854
822
816
774
796
843
808
822
852
786
834
850
842
813
808
845
809
865
798
801
864
823
790
845
833
835
809
861
811
801
821
806
828
823
867
829
844
815
769
789
779
835
832
843
808
869
812
810
773
827
798
805
853
804
844
866
796
796
822
811
852
783
821
794
807
812
800
772
772
825
796
789
764
787
814
788
804
821
813
781
780
845
838
785
821
860
797
811
838
871
847
836
800
873
854
826
826
830
827
814
780
811
813
850
791
790
845
823
861
789
813
822
849
756
800
850
822
796
823
834
857
744
831
848
868
787
788
806
800
819
818
803
875
859
854
828
850
910
809
861
800
824
816
820
837
818
777
822
787
812
846
800
818
865
809
779
808
834
775
812
854
821
790
761
816
802
808
813
860
830
853
793
816
809
779
828
847
807
791
833
798
854
808
829
824
864
868
768
835
813
807
814
822
787
890
802
835
885
814
809
834
800
771
843
793
821
836
806
812
860
804
890
867
806
816
790
838
869
798
862
788
821
864
808
814
806
768
816
812
804
880
801
854
779
752
801
845
821
770
794
787
808
836
846
787
808
783
779
829
790
835
810
824
855
815
764
830
816
817
811
777
873
800
817
786
819
761
824
836
855
817
811
784
851
837
787
794
769
821
818
802
815
804
851
801
865
824
829
802
831
817
798
785
844
847
827
858
845
780
791
802
832
761
794
785
804
817
777
860
854
818
843
798
792
854
823
823
767
834
822
796
820
824
816
870
833
832
828
826
836
804
763
845
800
815
846
794
771
850
841
848
785
821
842
854
838
801
733
767
841
828
869
826
808
840
849
790
842
795
811
808
776
855
870
794
842
825
831
868
858
809
786
881
807
806
782
861
873
807
800
824
806
856
844
784
851
777
814
828
814
786
784
814
840
843
845
847
867
776
779
812
833
854
809
813
777
843
842
881
831
793
829
833
810
802
846
826
786
848
876
878
794
818
847
860
836
806
821
837
847
802
843
807
765
777
751
820
842
797
810
834
853
849
826
809
820
838
839
858
831
805
764
755
775
800
812
889
865
875
818
880
862
823
818
858
797
819
851
821
829
826
798
737
831
831
769
787
842
768
854
801
819
769
810
793
775
796
850
819
784
828
821
855
778
823
839
814
820
812
791
825
816
853
837
833
800
829
857
843
818
853
786
828
845
781
855
768
856
875
787
857
810
761
830
838
828
798
840
867
841
831
820
818
811
800
800
818
827
811
818
791
865
792
859
839
804
830
812
835
809
819
826
773
826
791
841
817
827
803
814
823
822
834
811
804
775
750
832
832
795
851
784
757
795
839
831
788
810
854
854
765
791
847
824
781
822
843
816
841
785
837
811
777
851
814
838
811
801
827
807
834
810
830
801
823
829
829
785
842
804
810
812
814
846
812
816
833
803
844
854
825
844
827
795
814
848
835
855
793
857
809
815
815
838
818
797
803
848
804
832
871
807
811
830
779
838
832
849
817
831
785
854
751
868
840
843
813
792
822
820
860
814
835
795
749
829
854
805
840
818
769
810
888
791
836
790
763
798
800
844
806
796
807
828
850
801
800
788
811
818
841
818
853
780
774
832
828
783
823
829
832
792
795
835
827
847
851
875
804
872
810
808
817
798
868
863
810
798
852
824
813
852
798
787
854
801
819
834
762
803
815
819
863
777
750
800
823
868
850
818
795
796
840
846
852
806
835
836
748
788
852
804
808
838
818
856
787
813
783
827
761
817
797
794
796
792
835
801
758
801
817
836
825
812
799
864
818
837
831
895
852
807
855
821
799
831
834
831
834
845
816
834
855
805
802
830
832
879
829
850
769
826
764
841
858
811
887
791
800
825
799
848
832
806
834
812
808
790
821
775
833
870
831
790
825
824
776
795
831
816
783
790
887
875
828
850
818
830
804
778
802
830
836
799
829
811
799
786
807
846
886
768
839
832
874
813
829
734
843
790
834
837
831
811
810
780
775
790
823
851
799
843
824
788
776
833
823
827
830
865
799
876
774
760
826
774
825
824
817
802
803
831
819
842
857
801
769
793
813
839
806
820
830
835
852
823
904
843
838
790
811
818
841
859
829
798
815
808
870
867
805
796
867
797
815
794
803
852
789
827
777
850
794
831
817
824
892
773
860
841
781
808
843
769
838
824
841
863
750
837
809
802
832
823
803
756
834
832
801
811
849
837
800
822
862
784
818
842
827
785
849
774
833
834
824
809
825
801
831
811
774
824
804
813
808
807
818
785
839
846
840
820
821
842
829
820
812
823
750
849
852
801
841
833
853
852
870
796
852
785
829
885
846
790
796
820
801
823
759
782
843
856
823
810
844
817
834
877
852
780
825
809
795
760
816
822
761
847
868
792
848
803
761
829
808
846
772
886
775
838
788
835
832
878
795
825
838
799
816
831
817
785
763
803
765
796
825
759
829
826
804
819
796
843
801
798
877
824
865
756
833
820
868
838
832
803
783
811
830
798
839
825
807
770
805
806
763
846
826
784
868
839
814
809
828
810
838
827
812
810
802
817
829
794
799
842
765
824
783
798
846
776
796
797
797
817
817
775
816
781
823
859
816
861
811
840
768
806
840
809
819
801
819
800
852
836
783
795
828
783
758
786
843
808
805
812
819
823
827
803
816
809
865
797
804
790
824
804
827
778
852
863
830
821
861
800
791
817
853
828
827
849
840
799
789
800
834
814
847
760
862
828
821
832
801
807
838
803
797
820
788
836
835
802
812
824
828
849
835
824
814
834
768
768
768
824
799
830
807
811
839
793
851
800
828
834
809
824
784
834
885
774
862
818
793
857
790
836
784
850
811
751
816
829
817
801
826
869
800
825
826
845
856
787
828
815
841
836
779
834
838
800
830
867
851
805
822
838
793
842
854
824
777
781
819
835
847
878
859
831
842
836
819
827
837
816
842
843
858
805
828
844
808
836
844
820
826
768
841
811
844
824
838
776
823
802
837
839
831
800
855
802
840
874
878
819
857
828
759
815
781
807
831
831
820
812
840
824
834
785
869
795
805
822
812
800
799
813
813
832
792
801
798
816
827
776
845
826
784
828
866
855
846
809
850
854
782
769
858
837
821
832
803
829
857
857
863
832
800
754
799
797
824
843
817
844
817
807
750
787
840
796
849
870
825
841
799
836
859
813
831
806
774
884
882
841
843
855
865
847
823
888
859
777
794
867
822
826
857
832
862
850
814
841
798
801
844
792
868
806
771
842
864
796
799
844
858
864
822
799
822
815
779
809
795
826
823
806
844
815
784
801
825
851
840
826
838
841
805
869
812
847
778
769
838
879
812
841
868
810
814
801
806
854
834
793
769
825
789
862
829
792
841
825
814
808
833
780
789
863
847
795
881
833
855
786
781
831
808
857
785
868
822
760
801
863
858
828
864
846
831
768
847
834
857
821
786
815
794
817
810
776
835
780
780
857
865
804
801
860
821
831
822
875
786
794
812
832
826
836
827
832
752
847
819
803
781
878
789
771
839
764
814
826
853
811
818
837
749
834
804
816
806
811
806
772
821
813
802
768
792
798
772
774
797
822
812
877
821
770
761
804
844
788
840
816
808
820
792
798
808
839
827
807
793
805
820
819
800
892
757
815
779
769
770
793
789
762
831
811
842
874
846
852
776
803
773
814
797
840
855
781
876
846
807
786
788
845
781
792
807
852
813
853
838
822
793
822
767
819
787
876
806
788
833
823
780
845
853
847
827
835
818
776
790
827
829
824
788
813
761
819
791
826
771
807
780
809
810
816
796
763
801
780
840
832
823
783
815
810
839
806
819
834
835
833
793
844
827
789
803
808
858
861
831
797
874
819
837
826
822
849
840
819
849
787
823
907
828
845
845
827
819
808
812
807
900
804
783
828
786
803
885
813
836
827
860
820
829
798
801
846
802
843
785
787
841
850
849
807
812
804
845
814
770
828
862
872
836
799
822
858
788
849
857
851
795
814
814
821
829
881
846
825
833
806
835
855
854
800
825
830
883
788
787
819
881
791
819
806
855
823
845
832
800
833
769
814
879
825
801
822
818
815
843
855
793
819
858
857
875
888
815
797
790
796
783
821
796
845
750
783
817
828
810
803
857
842
827
804
782
914
826
851
763
849
828
774
832
799
811
816
822
817
828
799
856
847
847
817
825
872
771
805
813
827
786
799
805
808
799
843
828
833
813
849
826
766
803
830
810
820
833
782
827
795
784
791
763
799
782
801
847
829
792
811
788
814
860
786
864
789
867
827
794
801
801
801
805
858
787
853
809
829
869
839
823
842
778
829
828
801
845
783
845
784
822
848
820
836
767
846
738
869
796
777
790
772
845
825
807
792
817
807
804
775
837
840
821
780
830
840
852
752
809
784
870
790
826
785
791
819
828
815
792
799
782
791
786
810
770
800
825
831
752
852
777
791
804
818
751
833
827
799
795
805
782
831
848
832
832
784
826
838
860
843
825
815
836
801
791
850
805
880
818
834
841
819
833
856
780
832
797
779
827
776
806
826
789
803
843
811
850
777
791
846
836
833
782
792
836
798
824
873
808
785
857
825
874
805
837
768
799
877
801
817
784
790
822
797
817
835
823
838
810
839
819
792
776
797
811
817
828
806
842
811
852
874
811
853
831
816
818
800
809
837
855
818
857
859
771
820
814
825
875
763
805
843
810
849
808
814
800
754
801
789
838
784
809
848
848
832
839
823
809
804
824
825
770
783
782
805
816
760
792
788
803
875
786
851
829
827
856
747
846
815
798
804
847
827
852
771
775
831
845
810
784
833
841
790
816
792
812
821
848
820
837
837
787
855
811
830
808
809
812
813
837
833
803
838
833
825
873
856
765
820
778
804
846
771
838
815
804
817
787
808
810
855
822
891
795
797
793
769
807
803
846
808
794
884
843
834
858
805
843
823
840
825
813
805
776
801
816
843
836
810
804
820
870
796
824
766
826
812
827
829
798
824
850
842
801
784
809
820
875
802
802
859
858
771
792
847
790
775
809
775
780
886
803
825
800
806
877
834
764
839
823
807
823
784
835
805
887
881
861
841
820
824
844
790
773
783
810
800
799
845
842
779
805
875
827
849
783
830
787
833
808
808
809
850
813
820
792
808
844
825
852
804
772
832
827
810
799
847
861
844
865
873
768
811
839
860
813
821
825
806
798
839
808
811
768
861
824
804
798
866
793
830
808
829
852
841
830
844
816
834
827
840
787
805
806
817
834
825
842
819
802
835
826
817
845
841
765
811
876
830
772
827
835
846
845
857
835
877
786
826
823
852
827
863
802
835
841
815
833
823
830
843
781
837
775
830
819
801
859
830
826
815
850
843
831
789
752
790
829
790
806
783
822
824
848
804
832
803
789
781
790
810
802
814
804
810
773
831
785
830
798
804
830
789
786
854
826
787
896
827
827
798
833
822
849
818
787
814
848
814
740
806
808
846
799
807
797
817
826
850
886
844
788
835
812
814
829
815
749
857
857
834
807
830
811
797
785
815
770
810
876
822
820
840
801
813
765
810
841
824
774
811
742
791
790
758
802
830
830
721
833
821
838
844
872
858
831
844
792
799
827
873
817
777
858
826
836
845
839
842
799
811
831
833
838
837
849
844
785
801
823
819
841
818
826
868
774
809
837
788
802
793
819
812
812
804
824
759
787
871
727
787
837
816
856
830
807
822
792
784
773
802
815
882
829
802
784
808
857
831
869
797
854
853
829
839
822
866
803
749
861
860
807
885
834
814
828
822
830
831
825
821
812
825
824
832
784
809
807
794
851
832
845
839
767
801
816
842
785
833
757
796
911
807
821
812
776
846
791
814
808
825
835
815
813
832
783
805
792
842
793
779
829
796
843
816
828
882
804
814
832
829
812
834
794
849
805
831
902
830
760
846
818
838
820
790
872
822
803
855
838
861
802
792
848
832
814
843
837
805
812
838
828
815
807
872
823
807
866
843
769
842
778
831
792
848
808
850
897
839
814
796
807
831
796
805
857
821
818
780
829
851
861
839
832
770
850
831
844
794
774
841
824
835
804
857
813
756
822
812
819
763
811
790
803
784
844
826
829
855
833
836
819
815
840
839
820
779
764
787
814
825
843
839
841
831
806
862
828
774
763
831
818
790
820
836
803
861
809
892
788
821
882
839
755
800
805
817
769
792
800
895
798
820
855
754
865
776
838
785
788
826
776
790
854
806
795
822
744
838
822
828
822
821
802
853
805
822
832
849
807
806
770
830
833
789
793
817
773
817
795
793
828
839
835
839
775
804
756
850
856
800
792
802
802
810
815
825
816
806
835
821
803
816
860
825
872
791
824
847
823
785
786
884
879
787
778
796
851
834
825
837
784
794
759
815
874
865
786
802
762
819
829
839
810
842
880
826
805
856
809
833
864
790
776
888
778
803
803
856
829
826
821
799
822
810
816
754
813
848
798
803
840
784
801
810
830
810
797
813
779
813
805
824
848
822
823
799
780
798
801
812
798
821
817
804
797
825
855
820
817
810
774
797
827
805
826
832
832
771
819
838
788
813
793
858
827
877
756
808
804
772
805
818
820
832
829
814
855
855
823
851
819
827
807
821
828
816
794
850
798
818
873
838
818
827
827
887
808
813
802
857
782
784
812
791
795
799
832
810
800
842
863
785
874
800
851
773
854
838
861
826
834
833
784
849
817
888
804
858
809
824
807
829
766
869
859
826
870
770
830
840
849
768
826
808
839
810
790
793
788
805
823
827
847
822
817
839
835
839
810
835
840
818
828
785
790
831
764
799
783
838
796
803
781
779
828
805
871
806
816
845
770
798
808
824
768
807
841
900
800
854
821
818
846
857
804
798
844
773
785
798
835
780
834
860
894
850
848
813
798
806
796
793
806
843
790
860
892
783
813
789
852
859
797
849
836
833
832
806
780
878
807
808
854
869
794
819
826
800
830
807
792
831
793
842
825
853
855
855
805
776
832
810
827
857
804
828
824
840
777
821
841
807
771
786
777
796
867
834
836
789
803
805
798
809
820
830
818
792
834
797
840
788
824
802
835
799
791
785
838
831
829
786
802
832
836
832
819
792
876
811
776
782
816
843
813
834
804
802
791
823
789
793
766
882
857
861
766
778
796
811
818
817
845
774
817
837
839
842
807
877
844
823
768
858
812
799
841
796
826
765
790
808
839
822
839
857
810
816
805
774
854
761
849
813
837
788
807
851
820
854
838
751
825
835
814
779
863
795
777
802
853
765
789
787
851
813
842
845
849
791
823
820
790
803
791
884
832
791
814
805
768
800
816
800
812
827
795
827
779
866
818
801
780
780
837
808
802
830
803
830
844
820
842
871
802
869
812
838
804
848
820
816
877
837
859
836
827
796
832
833
804
826
818
797
825
803
777
847
765
781
833
837
810
806
801
856
804
906
769
824
778
789
806
790
783
773
763
812
812
830
806
848
809
809
832
797
772
807
808
838
845
843
804
784
804
824
841
795
858
850
777
799
806
805
870
797
774
855
800
785
853
808
855
804
811
807
829
834
819
766
817
863
829
825
828
789
794
842
804
833
862
840
819
789
842
833
795
798
882
791
819
843
772
835
853
841
833
828
741
803
831
809
821
826
803
831
825
794
775
846
768
797
894
828
826
822
843
839
752
816
797
824
826
823
818
805
824
875
785
835
768
819
863
801
837
870
815
856
821
828
782
891
855
812
783
847
829
824
828
783
792
812
812
808
856
815
859
855
816
825
841
864
827
862
750
811
783
834
883
811
811
831
812
858
804
876
799
790
806
837
803
812
825
812
819
805
815
787
867
792
826
776
800
879
832
778
832
839
843
848
814
826
807
816
821
838
818
816
760
831
778
860
809
845
807
850
766
807
841
840
787
840
802
828
810
812
826
801
834
811
796
838
856
819
791
837
837
803
787
821
834
830
806
821
803
813
866
835
847
858
814
823
826
785
791
817
850
814
845
839
818
819
848
785
853
828
818
769
777
848
820
815
824
815
869
799
794
801
807
806
794
727
786
794
821
856
859
845
838
805
800
848
798
770
850
813
796
815
804
811
810
829
809
806
795
820
788
798
824
815
804
804
853
818
827
790
856
796
805
829
829
867
824
820
805
837
778
834
797
824
803
845
799
780
799
808
800
846
815
814
803
774
806
800
795
779
815
779
822
828
851
800
815
804
799
839
817
804
826
825
840
796
772
836
824
801
819
823
842
818
796
809
826
783
820
770
855
811
774
819
858
808
852
811
776
774
843
838
786
793
792
846
816
820
810
806
815
810
823
787
843
842
787
782
802
854
800
824
840
802
811
807
833
811
847
859
826
782
827
798
815
805
773
801
830
824
792
816
873
815
799
803
789
833
818
812
833
802
802
815
816
860
867
835
848
768
837
840
796
806
793
829
860
822
826
827
799
804
829
814
862
845
833
838
842
825
850
786
776
790
799
826
776
821
811
830
808
792
810
840
805
837
837
822
837
900
812
832
874
819
872
834
805
760
836
808
843
801
800
845
811
822
789
835
845
863
825
837
800
818
818
791
789
788
807
767
794
798
795
831
845
785
773
779
805
814
861
803
826
863
852
850
812
845
825
806
863
787
818
855
782
826
779
844
790
797
810
799
792
784
814
777
790
840
825
804
776
784
850
828
804
812
809
788
806
887
776
789
817
765
865
792
839
842
859
835
822
827
830
819
783
793
787
850
830
835
841
870
854
832
832
842
823
794
904
795
904
891
899
828
827
793
898
818
803
872
927
795
803
818
840
829
811
735
831
811
841
826
865
826
844
836
797
821
798
834
799
823
830
820
815
804
764
798
824
830
783
833
861
814
779
821
826
786
796
813
835
829
826
897
826
846
808
804
840
818
844
838
785
827
826
779
794
791
780
817
814
816
849
765
816
815
775
892
848
829
798
817
803
741
830
839
813
848
822
830
817
767
845
860
802
801
826
821
779
822
846
864
826
829
807
814
811
844
804
844
793
778
804
790
812
795
804
835
826
831
814
765
831
774
800
809
845
801
779
810
795
813
805
737
803
839
811
832
802
810
813
808
827
831
787
815
783
800
789
780
821
780
827
810
813
861
827
865
783
882
849
818
801
789
829
729
807
805
862
788
803
849
787
784
856
852
824
863
784
826
812
830
792
897
773
822
795
786
855
838
819
831
850
837
841
806
828
793
844
815
781
798
800
798
811
837
841
878
813
830
807
843
845
814
843
819
813
849
788
811
809
785
813
818
822
811
776
759
787
820
795
780
765
821
816
825
801
761
781
841
816
824
836
814
863
844
781
823
808
817
801
802
806
825
831
779
765
807
807
810
844
832
776
802
866
910
842
792
840
756
775
807
780
853
865
854
839
822
813
842
786
801
872
811
831
813
817
840
820
872
794
812
830
800
836
815
841
815
830
857
851
810
787
808
730
791
821
775
817
806
747
801
818
799
862
827
795
818
816
859
810
859
842
861
811
806
811
813
785
886
830
822
794
819
816
813
776
872
820
826
818
832
818
793
821
802
771
795
829
851
859
842
838
773
815
780
836
811
787
790
802
824
823
815
802
850
781
829
844
834
860
793
801
829
829
857
809
854
805
823
821
802
848
802
811
796
776
751
819
831
820
785
793
818
812
797
823
824
819
850
808
824
834
756
819
837
762
838
828
817
834
824
836
782
860
795
841
843
774
812
793
803
838
771
829
816
814
870
820
797
807
790
817
800
869
799
828
804
759
825
808
846
787
818
766
833
827
854
766
873
804
822
832
851
852
813
795
837
803
807
861
809
807
760
802
793
851
809
859
799
827
778
830
831
875
827
878
838
830
781
826
861
847
798
799
836
833
814
766
776
817
806
789
824
823
829
814
838
816
803
833
857
776
783
816
805
822
749
822
870
848
846
844
742
798
805
833
839
869
842
804
816
817
870
883
786
796
824
842
831
842
858
782
831
855
852
834
789
825
828
780
823
842
803
810
792
862
808
814
807
732
810
877
858
801
787
775
854
833
787
816
804
808
834
826
775
803
835
831
855
801
809
781
870
820
807
758
846
796
783
823
809
768
784
800
843
820
854
823
852
798
789
792
807
824
787
801
834
785
805
809
848
837
801
873
827
820
760
774
829
829
853
814
800
849
747
765
806
827
833
824
834
805
799
841
811
803
812
830
805
892
818
803
801
841
841
801
831
810
860
800
814
770
784
813
782
829
826
811
804
810
784
813
834
816
781
838
817
820
835
745
824
771
848
826
828
825
794
771
778
860
789
791
840
847
834
819
833
804
756
792
863
825
836
835
841
835
846
769
797
813
787
860
829
792
792
887
831
818
819
854
823
799
797
826
850
770
826
824
793
773
793
755
806
849
801
810
774
785
833
871
797
836
779
791
764
848
867
776
789
828
780
786
810
802
834
834
853
793
814
828
816
817
832
831
823
836
796
816
809
815
762
805
803
881
755
855
782
847
798
832
870
827
818
800
843
861
873
855
856
779
840
779
813
864
836
846
816
832
844
820
840
803
782
787
824
779
765
778
853
828
789
861
857
855
877
845
787
811
797
807
767
820
833
789
782
839
838
761
856
815
783
801
827
820
825
738
802
793
822
813
836
804
837
796
855
846
784
868
816
828
723
817
806
864
773
822
777
817
795
862
806
820
820
871
813
819
832
812
805
849
823
842
822
830
829
779
784
850
820
782
852
821
818
807
795
855
761
822
782
769
835
815
804
831
785
804
818
885
827
845
856
778
803
819
787
821
797
855
823
815
849
782
790
844
782
836
842
787
841
855
824
795
838
808
795
812
841
864
856
818
835
832
798
788
809
785
847
838
821
827
817
788
843
825
774
812
808
822
845
847
824
831
842
751
846
804
788
773
859
824
797
806
815
841
853
829
775
803
863
813
803
769
827
804
826
869
873
796
783
832
806
796
846
845
820
795
791
822
801
832
801
862
852
839
833
792
847
764
821
812
798
806
841
822
822
836
828
791
797
825
847
783
822
803
835
813
811
789
811
856
760
819
817
811
839
815
831
769
861
784
863
817
778
809
821
850
851
820
871
790
840
845
814
771
790
848
809
842
836
873
788
828
803
812
817
834
852
826
770
833
843
779
805
789
826
799
836
834
839
811
818
840
804
766
862
846
795
802
802
813
788
789
830
821
779
783
803
823
872
817
756
803
739
773
814
845
823
847
822
810
749
876
783
799
856
753
826
832
780
834
877
810
822
851
762
856
795
845
829
794
820
793
755
775
791
842
815
818
860
804
853
801
748
800
821
753
783
796
851
831
886
861
789
817
859
833
827
773
797
787
829
799
821
828
858
856
818
831
814
829
829
782
810
844
836
797
798
816
794
873
868
864
835
818
823
832
840
806
800
791
864
829
835
806
886
802
819
831
826
810
822
793
798
877
843
834
824
811
804
835
806
813
834
796
782
820
829
889
771
793
826
882
820
854
779
754
810
772
775
833
866
822
827
852
782
804
813
819
758
777
808
828
795
771
824
803
829
830
786
840
814
820
778
851
856
839
815
816
820
822
841
800
811
780
822
854
813
850
797
818
777
853
866
796
798
798
788
782
806
789
783
880
820
756
858
801
805
822
803
836
844
806
857
847
784
859
822
793
824
820
836
833
812
789
855
820
789
797
815
797
853
857
830
821
808
789
860
784
744
835
801
832
863
858
819
818
856
818
800
837
848
786
805
830
796
831
810
816
808
852
789
834
782
805
845
848
776
804
851
830
833
818
832
799
829
844
800
819
817
782
814
812
855
793
801
850
830
800
826
859
765
831
730
798
783
841
775
786
854
810
817
821
807
809
794
781
792
793
813
807
797
837
845
838
825
806
822
777
853
776
828
855
854
764
803
827
834
808
806
834
901
813
854
830
786
834
835
796
855
841
814
827
813
818
867
809
825
775
798
845
770
809
798
806
846
855
816
819
794
828
815
818
859
856
831
841
801
804
840
781
793
824
820
805
812
826
810
874
813
897
837
855
864
794
843
846
851
873
817
823
792
853
878
884
787
829
873
822
770
776
790
795
864
807
839
805
804
822
805
788
801
871
841
797
837
856
839
778
903
820
838
784
792
811
809
859
836
839
800
807
777
801
784
788
853
789
827
756
780
827
834
755
818
816
821
803
820
759
825
829
814
821
841
861
777
825
796
882
798
830
864
853
837
808
789
791
809
864
854
824
782
826
775
806
816
796
790
807
825
809
775
772
807
806
797
803
814
829
831
820
813
810
819
811
838
876
826
803
820
845
837
822
854
794
827
796
815
865
772
860
823
798
813
803
823
820
844
803
815
763
843
808
795
877
862
802
807
777
784
836
847
815
822
816
835
792
790
821
735
767
809
827
805
785
826
825
841
799
778
751
783
772
810
807
827
810
829
730
843
788
782
860
791
822
845
835
816
783
819
822
848
808
834
820
846
810
838
857
851
820
811
795
794
887
846
784
800
842
866
833
847
791
844
843
801
814
801
860
818
850
866
797
838
825
852
823
863
851
770
825
735
833
827
795
858
819
835
788
864
804
774
830
884
825
760
809
813
837
806
813
812
856
816
864
847
780
810
844
846
819
782
789
823
778
798
796
845
847
803
792
821
805
863
825
853
785
844
796
821
795
797
850
783
797
789
793
872
760
823
822
790
833
809
808
891
809
780
823
847
832
839
861
799
809
844
835
845
802
826
804
810
799
789
869
822
849
790
805
816
809
800
831
770
816
832
816
819
836
824
822
809
788
844
826
823
786
790
856
820
793
838
824
829
838
817
841
766
824
831
798
792
823
749
805
770
815
869
833
831
850
809
809
841
843
806
821
826
856
798
817
807
811
807
778
776
747
830
845
821
797
814
860
778
824
822
817
823
848
793
794
804
796
814
834
751
844
757
893
817
838
839
811
809
770
820
858
809
806
776
802
823
817
829
817
778
790
817
799
843
844
802
812
836
838
856
797
830
782
789
848
769
790
826
830
862
836
808
766
768
802
814
847
851
825
816
801
828
840
815
768
804
852
847
833
812
846
856
823
856
828
800
776
855
839
800
798
815
851
768
755
862
771
814
848
867
832
854
801
832
780
807
836
798
881
799
774
825
826
793
811
846
851
744
800
783
828
792
831
892
791
795
781
844
821
826
822
808
835
830
838
825
813
824
801
827
794
861
799
797
845
816
818
883
829
817
816
773
786
840
817
791
808
790
823
812
837
826
806
814
793
880
832
842
774
827
833
829
831
820
768
779
803
849
836
795
822
881
865
763
848
782
822
781
810
836
837
803
804
800
761
849
832
808
804
805
800
791
827
845
835
803
844
798
794
776
807
873
831
814
857
779
824
803
770
897
817
829
810
827
850
874
801
797
826
768
834
812
847
846
800
823
796
780
794
845
824
828
798
813
780
826
779
830
794
769
794
854
805
862
762
796
826
814
776
852
759
813
851
827
888
842
843
848
829
807
815
815
820
815
775
816
866
812
800
817
842
823
794
806
824
857
840
822
778
845
823
781
895
792
839
842
806
834
826
825
850
808
783
851
838
827
791
850
831
839
885
853
849
832
863
810
817
836
820
827
756
858
780
790
836
796
805
802
749
808
821
841
843
802
790
808
803
785
850
791
861
794
828
743
775
805
805
825
793
819
820
822
837
779
828
837
821
818
830
789
827
865
875
805
857
813
790
861
800
783
838
793
813
841
849
781
860
845
839
847
825
796
780
841
782
778
812
829
793
800
765
812
793
804
846
787
831
768
789
784
769
744
865
793
842
804
836
808
840
825
851
781
805
763
855
794
820
814
844
837
801
825
782
768
823
837
806
811
845
841
786
810
832
851
810
792
822
799
794
782
891
842
815
851
840
790
846
795
800
831
788
809
890
817
828
832
767
805
861
784
792
771
806
833
846
846
761
803
832
829
818
802
817
806
818
807
841
792
800
820
828
808
863
806
773
760
824
839
775
823
834
809
832
821
810
726
829
779
801
859
768
827
775
799
825
863
806
792
797
827
841
783
821
799
839
801
808
822
838
835
780
813
795
825
776
800
869
802
813
779
786
853
830
799
800
839
804
794
838
799
822
839
833
841
855
802
812
856
821
855
806
823
822
798
824
789
822
840
837
808
808
864
807
820
780
852
869
788
798
851
783
822
786
824
823
847
831
808
840
846
847
808
775
824
779
776
805
778
757
872
881
823
828
802
818
824
795
801
788
814
754
770
823
784
799
823
838
791
768
868
772
849
837
826
828
835
813
856
858
853
827
789
774
802
773
821
830
813
783
840
811
801
779
837
804
816
807
839
781
756
822
810
857
872
809
880
796
879
861
853
834
855
878
832
843
801
826
817
771
819
815
814
800
836
829
807
789
806
806
827
868
804
784
808
861
839
767
830
793
776
868
830
769
811
818
778
857
834
827
847
825
811
814
819
799
844
820
847
788
782
811
826
786
852
821
789
877
796
842
835
774
833
837
787
816
810
781
834
836
810
799
844
765
838
778
795
869
833
852
862
850
836
814
822
800
811
808
785
730
843
804
778
849
828
811
797
825
818
844
826
808
801
812
823
851
732
842
808
832
819
795
801
803
785
810
755
876
832
831
839
786
806
788
824
833
814
768
830
833
784
776
823
805
772
812
840
804
772
779
812
760
829
848
833
813
834
842
800
842
766
817
838
765
816
828
833
843
758
851
818
817
813
828
799
837
796
820
816
823
898
814
802
827
826
787
789
768
800
788
825
797
816
807
824
874
841
860
801
833
808
825
792
825
746
810
803
827
807
806
836
797
810
781
839
778
859
851
803
774
821
801
780
759
804
807
794
851
820
833
811
845
855
792
826
816
870
792
821
789
861
848
859
788
836
839
802
821
764
857
836
816
859
806
775
783
820
797
789
785
771
804
810
801
801
810
804
849
790
834
845
805
816
793
867
828
837
788
802
846
769
803
815
793
813
769
835
787
815
864
788
844
801
812
808
777
817
820
815
888
872
868
840
820
816
857
811
797
787
790
806
847
816
816
827
767
811
792
823
811
845
829
761
849
868
746
815
786
810
822
780
794
844
793
827
818
804
753
802
837
797
845
782
764
821
853
845
814
820
824
804
773
832
834
790
853
813
861
797
823
879
793
819
782
827
784
784
781
819
810
809
776
764
841
777
781
793
842
838
846
824
756
884
822
791
836
841
829
834
873
820
756
840
772
794
863
811
814
822
827
804
795
816
823
805
765
799
839
854
801
809
818
830
848
806
821
822
812
784
792
838
772
801
850
819
898
812
811
764
834
753
819
818
823
797
795
805
760
791
826
778
836
870
828
848
855
790
792
824
820
811
834
804
825
812
846
831
795
785
774
811
857
831
896
822
874
849
825
796
788
779
836
794
839
809
781
793
840
818
848
814
781
774
804
807
850
815
847
797
792
842
804
778
766
796
837
798
849
808
819
865
800
849
826
822
815
835
787
818
822
771
805
792
816
700
837
846
872
834
808
804
810
815
797
881
801
781
807
806
819
830
806
769
854
823
847
816
793
803
819
783
764
843
824
814
851
772
796
786
852
813
798
795
794
814
819
829
808
786
829
801
840
812
785
856
825
831
771
781
891
767
807
835
888
806
796
853
768
845
800
826
814
759
852
812
784
794
777
848
805
808
754
852
843
830
869
812
842
848
864
849
830
812
798
817
833
828
853
808
777
833
808
820
771
809
836
840
774
820
778
833
828
803
830
824
809
812
805
739
809
815
813
835
805
864
800
813
742
777
850
827
832
789
842
857
804
809
787
809
856
831
878
821
808
844
825
815
850
816
849
836
805
775
829
823
824
794
844
776
845
813
807
834
830
765
823
811
821
864
807
795
824
800
858
804
843
835
894
807
837
845
791
791
836
807
761
785
840
785
794
775
834
788
826
837
862
760
823
820
826
805
775
790
836
744
829
892
790
804
741
868
821
859
830
866
840
773
802
811
818
761
916
826
796
869
806
834
796
840
839
787
789
872
832
831
779
830
841
855
819
812
808
806
823
868
813
831
841
888
798
753
769
860
826
837
803
830
868
806
761
820
811
782
846
835
805
803
771
832
799
795
857
824
805
858
815
761
852
866
846
871
825
841
800
806
780
853
837
820
767
848
833
793
802
792
809
858
820
803
828
787
823
775
795
845
805
762
779
831
816
835
776
784
818
836
805
794
804
891
864
823
796
785
857
783
871
887
808
826
856
853
834
830
816
838
821
827
853
858
846
867
808
798
840
782
883
804
808
797
842
867
780
803
812
872
804
829
821
775
785
828
806
816
830
792
853
748
846
784
804
842
812
855
808
869
836
812
776
817
795
843
849
805
854
801
823
814
838
839
791
848
815
792
831
774
811
792
843
800
833
799
805
816
832
903
839
789
827
903
851
818
801
826
803
828
832
845
875
834
824
821
856
858
849
846
820
760
791
758
885
826
905
774
786
791
896
841
797
817
811
815
804
840
828
811
768
831
871
825
780
839
849
834
842
856
829
820
781
838
828
784
896
809
805
827
786
782
829
841
833
798
771
844
850
868
853
825
833
814