0 642
1 654
2 708
3 646
4 626
5 632
6 663
7 674
8 0
9 749
10 0
11 624
12 615
13 658
14 759
15 675
16 665
17 655
18 614
19 726
20 682
21 699
22 681
23 659
24 716
25 664
26 649
27 659
28 662
29 661
30 706
31 643
32 696
33 695
34 663
35 700
36 663
37 662
38 667
39 666
40 689
41 639
42 663
43 658
44 630
45 677
46 696
47 643
48 673
49 653
50 659
51 657
52 635
53 644
54 694
55 621
56 670
57 673
58 667
59 660
60 667
61 670
62 676
63 629
64 647
65 639
66 648
67 668
68 694
69 655
70 706
71 654
72 654
73 708
74 676
75 647
76 656
77 654
78 688
79 669
80 722
81 698
82 729
83 654
84 652
85 661
86 687
87 645
88 631
89 656
90 656
91 641
92 635
93 644
94 669
95 675
96 661
97 683
98 663
99 703
100 679
101 694
102 631
103 648
104 677
105 659
106 704
107 698
108 701
109 686
110 685
111 660
112 637
113 662
114 637
115 674
116 719
117 684
118 714
119 686
120 665
121 682
122 688
123 667
124 650
125 644
126 653
127 680
128 663
129 645
130 655
131 677
132 656
133 663
134 696
135 626
136 684
137 693
138 664
139 650
140 657
141 629
142 652
143 701
144 652
145 643
146 669
147 665
148 638
149 648
150 669
151 682
152 725
153 709
154 696
155 725
156 698
157 694
158 663
159 703
160 650
161 665
162 670
163 663
164 726
165 710
166 671
167 674
168 652
169 690
170 648
171 647
172 669
173 675
174 677
175 649
176 642
177 663
178 645
179 653
180 676
181 699
182 759
183 652
184 637
185 665
186 691
187 663
188 707
189 654
190 684
191 685
192 675
193 686
194 684
195 630
196 672
197 627
198 647
199 626
200 701
201 640
202 660
203 683
204 645
205 646
206 678
207 667
208 690
209 674
210 664
211 616
212 667
213 668
214 675
215 701
216 654
217 662
218 681
219 685
220 659
221 663
222 676
223 654
224 632
225 657
226 708
227 689
228 694
229 655
230 663
231 693
232 611
233 639
234 670
235 670
236 683
237 618
238 698
239 653
240 690
241 673
242 626
243 662
244 641
245 661
246 687
247 699
248 627
249 648
250 654
251 664
252 689
253 637
254 621
255 696
256 712
257 630
258 660
259 654
260 675
261 732
262 659
263 652
264 639
265 702
266 673
267 655
268 622
269 681
270 689
271 681
272 705
273 679
274 713
275 653
276 680
277 632
278 689
279 647
280 635
281 659
282 689
283 625
284 667
285 690
286 658
287 689
288 655
289 639
290 674
291 698
292 664
293 642
294 664
295 695
296 644
297 571
298 640
299 650
300 693
301 670
302 653
303 639
304 656
305 660
306 671
307 645
308 603
309 693
310 675
311 713
312 674
313 649
314 710
315 658
316 684
317 658
318 645
319 618
320 654
321 688
322 681
323 619
324 696
325 681
326 629
327 606
328 616
329 659
330 675
331 688
332 646
333 675
334 680
335 659
336 695
337 679
338 660
339 718
340 715
341 675
342 681
343 669
344 674
345 685
346 639
347 615
348 701
349 674
350 655
351 689
352 683
353 665
354 648
355 655
356 691
357 671
358 698
359 659
360 672
361 685
362 699
363 670
364 677
365 655
366 667
367 683
368 637
369 688
370 644
371 673
372 675
373 657
374 656
375 637
376 661
377 674
378 659
379 686
380 645
381 663
382 706
383 679
384 704
385 634
386 713
387 639
388 705
389 684
390 681
391 659
392 628
393 670
394 659
395 662
396 696
397 647
398 681
399 659
400 664
401 666
402 642
403 669
404 648
405 696
406 628
407 643
408 666
409 636
410 662
411 674
412 642
413 671
414 683
415 627
416 655
417 677
418 686
419 641
420 679
421 648
422 676
423 656
424 660
425 681
426 647
427 646
428 687
429 614
430 676
431 656
432 633
433 644
434 652
435 652
436 629
437 625
438 655
439 681
440 591
441 654
442 650
443 659
444 657
445 641
446 662
447 668
448 653
449 680
450 623
451 709
452 670
453 700
454 641
455 640
456 658
457 654
458 646
459 681
460 661
461 647
462 671
463 686
464 659
465 650
466 656
467 643
468 660
469 657
470 661
471 657
472 649
473 656
474 652
475 676
476 690
477 636
478 637
479 630
480 646
481 658
482 679
483 705
484 606
485 642
486 644
487 691
488 627
489 639
490 638
491 638
492 646
493 686
494 637
495 654
496 673
497 656
498 684
499 637
500 661
501 701
502 678
503 654
504 637
505 677
506 706
507 668
508 645
509 621
510 702
511 708
512 668
513 669
514 686
515 648
516 651
517 671
518 646
519 681
520 636
521 670
522 675
523 694
524 636
525 683
526 660
527 667
528 676
529 681
530 677
531 635
532 664
533 663
534 713
535 644
536 723
537 658
538 646
539 638
540 638
541 651
542 639
543 669
544 668
545 665
546 638
547 703
548 683
549 642
550 681
551 703
552 660
553 668
554 660
555 645
556 651
557 588
558 669
559 691
560 679
561 679
562 669
563 657
564 650
565 681
566 659
567 678
568 654
569 625
570 639
571 675
572 653
573 616
574 660
575 660
576 696
577 665
578 666
579 679
580 623
581 658
582 672
583 690
584 655
585 675
586 631
587 665
588 686
589 652
590 688
591 700
592 702
593 636
594 618
595 594
596 659
597 659
598 644
599 640
600 674
601 686
602 667
603 654
604 653
605 651
606 704
607 661
608 649
609 721
610 645
611 640
612 681
613 625
614 604
615 624
616 666
617 660
618 686
619 688
620 662
621 679
622 665
623 707
624 675
625 646
626 613
627 691
628 656
629 703
630 681
631 655
632 662
633 736
634 657
635 655
636 694
637 694
638 670
639 647
640 708
641 649
642 649
643 665
644 674
645 668
646 637
647 673
648 649
649 698
650 654
651 670
652 668
653 728
654 698
655 670
656 689
657 674
658 634
659 676
660 645
661 611
662 676
663 637
664 693
665 683
666 655
667 664
668 645
669 693
670 686
671 699
672 671
673 644
674 629
675 639
676 657
677 674
678 731
679 679
680 643
681 633
682 665
683 632
684 598
685 687
686 651
687 639
688 664
689 688
690 684
691 676
692 660
693 656
694 655
695 699
696 657
697 649
698 651
699 704
700 660
701 656
702 685
703 633
704 686
705 726
706 647
707 659
708 702
709 667
710 696
711 677
712 630
713 679
714 648
715 646
716 652
717 695
718 651
719 645
720 659
721 671
722 644
723 702
724 648
725 613
726 678
727 663
728 647
729 653
730 619
731 654
732 701
733 671
734 662
735 685
736 663
737 693
738 702
739 657
740 655
741 656
742 670
743 612
744 618
745 680
746 670
747 650
748 660
749 650
750 655
751 660
752 617
753 669
754 670
755 651
756 633
757 699
758 708
759 640
760 656
761 652
762 672
763 615
764 629
765 683
766 686
767 662
768 655
769 695
770 669
771 641
772 710
773 647
774 681
775 635
776 697
777 648
778 657
779 665
780 708
781 676
782 683
783 647
784 682
785 656
786 678
787 654
788 669
789 694
790 681
791 714
792 630
793 639
794 655
795 670
796 626
797 647
798 651
799 638
800 648
801 670
802 719
803 679
804 675
805 675
806 732
807 674
808 678
809 615
810 665
811 642
812 713
813 730
814 647
815 647
816 698
817 727
818 658
819 662
820 675
821 667
822 689
823 648
824 694
825 655
826 692
827 620
828 684
829 643
830 650
831 637
832 664
833 686
834 715
835 644
836 715
837 603
838 738
839 687
840 711
841 648
842 654
843 682
844 622
845 657
846 684
847 635
848 677
849 686
850 634
851 621
852 638
853 673
854 674
855 650
856 653
857 693
858 645
859 669
860 726
861 654
862 672
863 691
864 715
865 656
866 705
867 699
868 681
869 696
870 673
871 652
872 628
873 619
874 663
875 652
876 657
877 649
878 680
879 684
880 678
881 622
882 621
883 660
884 658
885 650
886 666
887 656
888 678
889 646
890 661
891 664
892 649
893 663
894 638
895 649
896 656
897 649
898 608
899 679
900 636
901 661
902 693
903 682
904 678
905 652
906 619
907 654
908 648
909 668
910 664
911 666
912 646
913 668
914 649
915 670
916 672
917 679
918 655
919 669
920 644
921 678
922 649
923 658
924 673
925 660
926 664
927 640
928 682
929 646
930 674
931 627
932 703
933 615
934 657
935 680
936 663
937 662
938 687
939 697
940 660
941 666
942 636
943 740
944 678
945 640
946 629
947 650
948 688
949 651
950 639
951 662
952 649
953 655
954 658
955 666
956 674
957 669
958 661
959 661
960 668
961 693
962 637
963 693
964 648
965 699
966 660
967 679
968 684
969 647
970 687
971 668
972 681
973 689
974 652
975 653
976 681
977 676
978 651
979 636
980 647
981 688
982 637
983 650
984 668
985 669
986 676
987 675
988 655
989 708
990 682
991 632
992 671
993 634
994 667
995 651
996 678
997 704
998 625
999 665
1000 597
1001 688
1002 679
1003 684
1004 665
1005 655
1006 654
1007 640
1008 661
1009 632
1010 651
1011 659
1012 655
1013 667
1014 642
1015 639
1016 718
1017 656
1018 674
1019 646
1020 724
1021 691
1022 698
1023 634
1024 660
1025 675
1026 659
1027 678
1028 701
1029 675
1030 696
1031 665
1032 668
1033 661
1034 645
1035 649
1036 673
1037 700
1038 671
1039 630
1040 732
1041 675
1042 680
1043 684
1044 663
1045 672
1046 634
1047 685
1048 700
1049 646
1050 648
1051 702
1052 659
1053 653
1054 736
1055 689
1056 656
1057 663
1058 721
1059 640
1060 636
1061 648
1062 684
1063 700
1064 658
1065 653
1066 720
1067 661
1068 609
1069 642
1070 671
1071 691
1072 649
1073 638
1074 633
1075 724
1076 629
1077 706
1078 727
1079 690
1080 658
1081 656
1082 667
1083 703
1084 681
1085 702
1086 672
1087 647
1088 724
1089 697
1090 683
1091 668
1092 634
1093 677
1094 673
1095 616
1096 621
1097 636
1098 661
1099 675
1100 657
1101 668
1102 650
1103 629
1104 669
1105 631
1106 681
1107 642
1108 656
1109 628
1110 649
1111 647
1112 657
1113 652
1114 654
1115 664
1116 664
1117 646
1118 683
1119 652
1120 732
1121 621
1122 652
1123 672
1124 655
1125 665
1126 617
1127 678
1128 618
1129 670
1130 666
1131 710
1132 649
1133 660
1134 658
1135 685
1136 654
1137 697
1138 653
1139 674
1140 668
1141 763
1142 664
1143 627
1144 650
1145 740
1146 667
1147 660
1148 652
1149 684
1150 687
1151 690
1152 685
1153 676
1154 675
1155 644
1156 645
1157 667
1158 685
1159 690
1160 670
1161 679
1162 632
1163 683
1164 726
1165 701
1166 663
1167 699
1168 692
1169 643
1170 659
1171 700
1172 617
1173 675
1174 665
1175 656
1176 683
1177 683
1178 659
1179 686
1180 708
1181 747
1182 684
1183 685
1184 703
1185 683
1186 697
1187 690
1188 706
1189 621
1190 669
1191 646
1192 676
1193 705
1194 618
1195 700
1196 689
1197 683
1198 640
1199 666
1200 667
1201 670
1202 670
1203 673
1204 685
1205 663
1206 629
1207 657
1208 683
1209 685
1210 662
1211 652
1212 633
1213 725
1214 676
1215 698
1216 629
1217 628
1218 648
1219 678
1220 648
1221 707
1222 660
1223 631
1224 661
1225 626
1226 675
1227 706
1228 672
1229 674
1230 658
1231 659
1232 636
1233 617
1234 689
1235 656
1236 657
1237 664
1238 652
1239 729
1240 672
1241 673
1242 652
1243 657
1244 632
1245 630
1246 640
1247 679
1248 734
1249 690
1250 664
1251 626
1252 702
1253 678
1254 670
1255 661
1256 658
1257 630
1258 633
1259 676
1260 633
1261 639
1262 681
1263 699
1264 676
1265 632
1266 656
1267 658
1268 637
1269 628
1270 698
1271 723
1272 697
1273 650
1274 688
1275 637
1276 624
1277 707
1278 634
1279 664
1280 636
1281 660
1282 668
1283 651
1284 701
1285 660
1286 637
1287 640
1288 683
1289 657
1290 641
1291 657
1292 642
1293 623
1294 659
1295 685
1296 673
1297 685
1298 645
1299 631
1300 684
1301 685
1302 660
1303 679
1304 688
1305 684
1306 632
1307 646
1308 662
1309 669
1310 724
1311 653
1312 661
1313 645
1314 669
1315 629
1316 676
1317 670
1318 656
1319 658
1320 656
1321 693
1322 687
1323 626
1324 671
1325 668
1326 658
1327 705
1328 664
1329 672
1330 664
1331 672
1332 668
1333 636
1334 638
1335 660
1336 673
1337 733
1338 644
1339 674
1340 697
1341 656
1342 675
1343 688
1344 652
1345 650
1346 689
1347 653
1348 641
1349 681
1350 666
1351 677
1352 678
1353 649
1354 659
1355 647
1356 666
1357 675
1358 676
1359 673
1360 656
1361 656
1362 665
1363 653
1364 706
1365 702
1366 675
1367 681
1368 678
1369 646
1370 679
1371 687
1372 632
1373 687
1374 686
1375 672
1376 575
1377 698
1378 643
1379 651
1380 674
1381 718
1382 642
1383 655
1384 660
1385 630
1386 658
1387 686
1388 696
1389 694
1390 628
1391 655
1392 717
1393 654
1394 609
1395 644
1396 656
1397 647
1398 658
1399 612
1400 701
1401 624
1402 688
1403 659
1404 686
1405 688
1406 672
1407 657
1408 662
1409 653
1410 652
1411 654
1412 660
1413 703
1414 658
1415 649
1416 670
1417 685
1418 624
1419 680
1420 651
1421 672
1422 714
1423 643
1424 685
1425 678
1426 667
1427 665
1428 704
1429 717
1430 642
1431 735
1432 608
1433 707
1434 634
1435 695
1436 694
1437 669
1438 661
1439 665
1440 662
1441 639
1442 694
1443 634
1444 669
1445 641
1446 617
1447 634
1448 687
1449 718
1450 643
1451 674
1452 662
1453 687
1454 650
1455 685
1456 665
1457 695
1458 683
1459 648
1460 626
1461 659
1462 690
1463 652
1464 673
1465 673
1466 671
1467 668
1468 639
1469 641
1470 672
1471 684
1472 628
1473 660
1474 643
1475 687
1476 681
1477 693
1478 667
1479 662
1480 613
1481 677
1482 644
1483 651
1484 674
1485 692
1486 661
1487 697
1488 674
1489 659
1490 679
1491 656
1492 648
1493 697
1494 671
1495 635
1496 638
1497 642
1498 702
1499 690
1500 685
1501 671
1502 693
1503 668
1504 718
1505 661
1506 634
1507 694
1508 637
1509 674
1510 667
1511 683
1512 644
1513 716
1514 643
1515 683
1516 672
1517 678
1518 640
1519 674
1520 665
1521 695
1522 683
1523 691
1524 661
1525 665
1526 710
1527 658
1528 706
1529 680
1530 678
1531 695
1532 681
1533 677
1534 689
1535 685
1536 666
1537 685
1538 676
1539 670
1540 668
1541 619
1542 685
1543 650
1544 689
1545 681
1546 678
1547 669
1548 722
1549 644
1550 682
1551 640
1552 644
1553 640
1554 655
1555 659
1556 678
1557 657
1558 678
1559 715
1560 650
1561 671
1562 634
1563 710
1564 687
1565 689
1566 632
1567 682
1568 648
1569 667
1570 659
1571 651
1572 670
1573 645
1574 680
1575 669
1576 670
1577 653
1578 678
1579 659
1580 668
1581 690
1582 640
1583 678
1584 662
1585 652
1586 707
1587 656
1588 668
1589 701
1590 685
1591 709
1592 705
1593 675
1594 737
1595 698
1596 658
1597 674
1598 678
1599 715
1600 734
1601 653
1602 659
1603 659
1604 682
1605 700
1606 677
1607 658
1608 640
1609 661
1610 646
1611 639
1612 691
1613 686
1614 681
1615 636
1616 667
1617 673
1618 697
1619 666
1620 658
1621 660
1622 697
1623 639
1624 672
1625 641
1626 647
1627 629
1628 707
1629 677
1630 658
1631 707
1632 703
1633 651
1634 661
1635 661
1636 647
1637 667
1638 692
1639 657
1640 604
1641 699
1642 638
1643 692
1644 665
1645 665
1646 618
1647 653
1648 656
1649 671
1650 689
1651 709
1652 670
1653 661
1654 645
1655 660
1656 657
1657 689
1658 688
1659 627
1660 683
1661 694
1662 679
1663 670
1664 672
1665 636
1666 657
1667 691
1668 666
1669 679
1670 652
1671 654
1672 717
1673 691
1674 657
1675 660
1676 683
1677 681
1678 646
1679 657
1680 666
1681 647
1682 668
1683 727
1684 669
1685 694
1686 663
1687 670
1688 703
1689 646
1690 696
1691 649
1692 650
1693 660
1694 653
1695 680
1696 657
1697 635
1698 657
1699 652
1700 697
1701 607
1702 633
1703 654
1704 670
1705 695
1706 659
1707 653
1708 681
1709 632
1710 679
1711 672
1712 637
1713 673
1714 699
1715 634
1716 662
1717 671
1718 681
1719 647
1720 649
1721 642
1722 670
1723 651
1724 650
1725 691
1726 623
1727 644
1728 694
1729 643
1730 603
1731 692
1732 639
1733 664
1734 676
1735 676
1736 652
1737 656
1738 669
1739 661
1740 648
1741 654
1742 679
1743 674
1744 651
1745 661
1746 641
1747 718
1748 685
1749 683
1750 638
1751 666
1752 664
1753 649
1754 701
1755 692
1756 678
1757 670
1758 646
1759 642
1760 685
1761 666
1762 688
1763 684
1764 624
1765 672
1766 709
1767 655
1768 677
1769 743
1770 657
1771 636
1772 598
1773 673
1774 621
1775 694
1776 676
1777 701
1778 664
1779 635
1780 650
1781 640
1782 657
1783 680
1784 710
1785 687
1786 634
1787 660
1788 670
1789 716
1790 647
1791 647
1792 646
1793 656
1794 620
1795 640
1796 673
1797 642
1798 616
1799 650
1800 632
1801 672
1802 645
1803 648
1804 652
1805 691
1806 654
1807 642
1808 721
1809 637
1810 679
1811 692
1812 689
1813 692
1814 654
1815 638
1816 660
1817 632
1818 646
1819 626
1820 663
1821 698
1822 699
1823 651
1824 707
1825 681
1826 677
1827 666
1828 668
1829 688
1830 665
1831 596
1832 670
1833 670
1834 674
1835 694
1836 656
1837 597
1838 639
1839 664
1840 657
1841 694
1842 658
1843 633
1844 673
1845 685
1846 666
1847 694
1848 663
1849 644
1850 672
1851 688
1852 653
1853 702
1854 686
1855 650
1856 669
1857 669
1858 665
1859 639
1860 673
1861 688
1862 636
1863 695
1864 678
1865 660
1866 722
1867 657
1868 659
1869 701
1870 708
1871 708
1872 706
1873 719
1874 649
1875 635
1876 649
1877 637
1878 655
1879 634
1880 701
1881 703
1882 669
1883 635
1884 687
1885 705
1886 660
1887 655
1888 709
1889 647
1890 692
1891 675
1892 659
1893 680
1894 661
1895 646
1896 619
1897 667
1898 685
1899 636
1900 652
1901 665
1902 629
1903 670
1904 654
1905 625
1906 675
1907 659
1908 656
1909 641
1910 675
1911 681
1912 641
1913 667
1914 650
1915 672
1916 692
1917 661
1918 691
1919 667
1920 671
1921 701
1922 645
1923 639
1924 628
1925 663
1926 653
1927 667
1928 661
1929 702
1930 616
1931 681
1932 630
1933 712
1934 685
1935 686
1936 674
1937 712
1938 620
1939 650
1940 672
1941 676
1942 682
1943 629
1944 673
1945 668
1946 685
1947 660
1948 678
1949 679
1950 615
1951 681
1952 656
1953 617
1954 703
1955 666
1956 661
1957 655
1958 664
1959 688
1960 649
1961 687
1962 666
1963 664
1964 666
1965 618
1966 671
1967 645
1968 711
1969 658
1970 682
1971 640
1972 631
1973 713
1974 663
1975 689
1976 662
1977 671
1978 663
1979 676
1980 661
1981 664
1982 629
1983 666
1984 658
1985 604
1986 648
1987 656
1988 687
1989 657
1990 676
1991 668
1992 671
1993 684
1994 652
1995 671
1996 674
1997 658
1998 650
1999 670
2000 687
2001 663
2002 655
2003 715
2004 625
2005 683
2006 655
2007 674
2008 648
2009 682
2010 673
2011 667
2012 662
2013 679
2014 645
2015 641
2016 692
2017 708
2018 650
2019 683
2020 659
2021 685
2022 671
2023 680
2024 651
2025 668
2026 653
2027 635
2028 666
2029 664
2030 655
2031 624
2032 659
2033 679
2034 642
2035 658
2036 664
2037 640
2038 658
2039 632
2040 652
2041 668
2042 664
2043 675
2044 645
2045 666
2046 638
2047 660
2048 664
2049 671
2050 701
2051 620
2052 653
2053 683
2054 685
2055 669
2056 627
2057 663
2058 658
2059 672
2060 671
2061 700
2062 656
2063 726
2064 661
2065 673
2066 637
2067 655
2068 708
2069 650
2070 679
2071 711
2072 678
2073 632
2074 665
2075 692
2076 643
2077 665
2078 647
2079 610
2080 668
2081 670
2082 665
2083 675
2084 666
2085 663
2086 674
2087 680
2088 713
2089 719
2090 654
2091 752
2092 717
2093 644
2094 667
2095 697
2096 689
2097 647
2098 670
2099 672
2100 678
2101 709
2102 624
2103 720
2104 669
2105 601
2106 671
2107 649
2108 677
2109 626
2110 671
2111 697
2112 713
2113 653
2114 628
2115 711
2116 667
2117 630
2118 687
2119 770
2120 626
2121 677
2122 669
2123 679
2124 648
2125 684
2126 668
2127 655
2128 632
2129 665
2130 649
2131 679
2132 738
2133 655
2134 692
2135 690
2136 688
2137 681
2138 690
2139 625
2140 645
2141 634
2142 665
2143 635
2144 647
2145 610
2146 669
2147 647
2148 704
2149 661
2150 679
2151 679
2152 670
2153 661
2154 675
2155 624
2156 644
2157 662
2158 658
2159 663
2160 668
2161 670
2162 672
2163 643
2164 682
2165 680
2166 677
2167 627
2168 655
2169 669
2170 635
2171 635
2172 690
2173 695
2174 689
2175 669
2176 626
2177 689
2178 678
2179 600
2180 626
2181 626
2182 690
2183 640
2184 670
2185 667
2186 679
2187 645
2188 697
2189 639
2190 682
2191 670
2192 668
2193 648
2194 663
2195 633
2196 684
2197 646
2198 655
2199 679
2200 638
2201 663
2202 695
2203 655
2204 701
2205 707
2206 651
2207 630
2208 668
2209 695
2210 639
2211 641
2212 627
2213 667
2214 646
2215 653
2216 640
2217 638
2218 680
2219 682
2220 686
2221 686
2222 677
2223 666
2224 678
2225 702
2226 667
2227 675
2228 672
2229 688
2230 685
2231 678
2232 623
2233 672
2234 686
2235 674
2236 694
2237 655
2238 708
2239 739
2240 662
2241 670
2242 655
2243 692
2244 679
2245 670
2246 644
2247 674
2248 652
2249 665
2250 715
2251 710
2252 663
2253 630
2254 631
2255 628
2256 667
2257 654
2258 642
2259 691
2260 647
2261 695
2262 670
2263 675
2264 678
2265 657
2266 666
2267 664
2268 709
2269 639
2270 647
2271 648
2272 644
2273 661
2274 657
2275 673
2276 636
2277 673
2278 636
2279 655
2280 655
2281 649
2282 641
2283 665
2284 652
2285 670
2286 649
2287 650
2288 672
2289 696
2290 654
2291 609
2292 652
2293 710
2294 627
2295 682
2296 685
2297 667
2298 606
2299 678
2300 675
2301 698
2302 705
2303 698
2304 628
2305 651
2306 620
2307 708
2308 659
2309 674
2310 647
2311 681
2312 711
2313 635
2314 664
2315 673
2316 656
2317 712
2318 670
2319 652
2320 687
2321 685
2322 646
2323 682
2324 652
2325 683
2326 712
2327 655
2328 707
2329 683
2330 717
2331 679
2332 657
2333 642
2334 659
2335 661
2336 665
2337 621
2338 679
2339 649
2340 618
2341 680
2342 652
2343 640
2344 642
2345 637
2346 629
2347 646
2348 669
2349 663
2350 689
2351 712
2352 719
2353 609
2354 653
2355 641
2356 680
2357 641
2358 657
2359 685
2360 671
2361 693
2362 671
2363 672
2364 691
2365 703
2366 627
2367 676
2368 662
2369 714
2370 662
2371 667
2372 670
2373 636
2374 673
2375 694
2376 667
2377 643
2378 695
2379 681
2380 692
2381 692
2382 655
2383 667
2384 676
2385 656
2386 654
2387 667
2388 604
2389 710
2390 653
2391 660
2392 662
2393 689
2394 700
2395 653
2396 662
2397 661
2398 650
2399 634
2400 640
2401 723
2402 711
2403 715
2404 639
2405 716
2406 649
2407 652
2408 656
2409 632
2410 650
2411 657
2412 693
2413 633
2414 710
2415 703
2416 693
2417 639
2418 693
2419 651
2420 707
2421 616
2422 676
2423 680
2424 647
2425 722
2426 704
2427 659
2428 652
2429 650
2430 635
2431 703
2432 677
2433 632
2434 654
2435 660
2436 706
2437 644
2438 624
2439 629
2440 640
2441 677
2442 643
2443 701
2444 663
2445 685
2446 691
2447 655
2448 611
2449 695
2450 631
2451 618
2452 615
2453 656
2454 651
2455 669
2456 651
2457 631
2458 624
2459 693
2460 666
2461 652
2462 663
2463 615
2464 616
2465 675
2466 662
2467 652
2468 642
2469 682
2470 690
2471 662
2472 688
2473 676
2474 687
2475 668
2476 647
2477 656
2478 651
2479 708
2480 635
2481 664
2482 649
2483 671
2484 691
2485 657
2486 697
2487 691
2488 623
2489 675
2490 692
2491 721
2492 675
2493 662
2494 699
2495 670
2496 670
2497 649
2498 661
2499 649
2500 695
2501 624
2502 645
2503 670
2504 640
2505 698
2506 702
2507 659
2508 616
2509 644
2510 663
2511 690
2512 671
2513 672
2514 686
2515 614
2516 630
2517 648
2518 688
2519 671
2520 675
2521 685
2522 626
2523 649
2524 646
2525 643
2526 641
2527 678
2528 661
2529 660
2530 667
2531 683
2532 675
2533 652
2534 683
2535 676
2536 688
2537 681
2538 699
2539 681
2540 668
2541 635
2542 659
2543 668
2544 684
2545 608
2546 660
2547 672
2548 688
2549 681
2550 640
2551 672
2552 696
2553 675
2554 705
2555 664
2556 667
2557 756
2558 687
2559 708
2560 673
2561 617
2562 655
2563 692
2564 638
2565 649
2566 675
2567 631
2568 632
2569 680
2570 643
2571 630
2572 655
2573 633
2574 676
2575 655
2576 639
2577 605
2578 680
2579 660
2580 698
2581 677
2582 693
2583 670
2584 644
2585 660
2586 627
2587 727
2588 714
2589 644
2590 626
2591 629
2592 693
2593 646
2594 658
2595 692
2596 642
2597 636
2598 636
2599 683
2600 682
2601 659
2602 694
2603 622
2604 642
2605 631
2606 666
2607 723
2608 616
2609 661
2610 692
2611 685
2612 663
2613 665
2614 659
2615 672
2616 699
2617 648
2618 639
2619 642
2620 692
2621 692
2622 677
2623 645
2624 666
2625 670
2626 719
2627 621
2628 626
2629 633
2630 673
2631 675
2632 626
2633 679
2634 683
2635 635
2636 645
2637 644
2638 667
2639 612
2640 632
2641 663
2642 641
2643 714
2644 662
2645 656
2646 713
2647 693
2648 665
2649 710
2650 665
2651 625
2652 663
2653 704
2654 671
2655 667
2656 684
2657 611
2658 676
2659 662
2660 609
2661 671
2662 668
2663 639
2664 669
2665 635
2666 688
2667 682
2668 670
2669 650
2670 660
2671 658
2672 663
2673 660
2674 678
2675 669
2676 639
2677 657
2678 642
2679 628
2680 670
2681 671
2682 652
2683 641
2684 652
2685 677
2686 642
2687 643
2688 660
2689 649
2690 670
2691 661
2692 666
2693 694
2694 697
2695 681
2696 614
2697 749
2698 596
2699 640
2700 685
2701 699
2702 678
2703 680
2704 655
2705 655
2706 628
2707 679
2708 681
2709 650
2710 634
2711 691
2712 652
2713 662
2714 676
2715 670
2716 655
2717 642
2718 600
2719 707
2720 645
2721 726
2722 690
2723 688
2724 690
2725 659
2726 668
2727 683
2728 655
2729 650
2730 654
2731 687
2732 622
2733 662
2734 686
2735 633
2736 700
2737 651
2738 683
2739 669
2740 680
2741 687
2742 676
2743 682
2744 691
2745 655
2746 712
2747 695
2748 721
2749 639
2750 707
2751 681
2752 634
2753 682
2754 704
2755 648
2756 608
2757 670
2758 685
2759 650
2760 641
2761 678
2762 669
2763 634
2764 650
2765 647
2766 696
2767 669
2768 698
2769 650
2770 654
2771 663
2772 664
2773 652
2774 704
2775 663
2776 676
2777 687
2778 666
2779 692
2780 656
2781 727
2782 640
2783 683
2784 682
2785 643
2786 693
2787 690
2788 639
2789 686
2790 692
2791 678
2792 652
2793 659
2794 656
2795 687
2796 639
2797 640
2798 688
2799 672
2800 637
2801 701
2802 648
2803 651
2804 605
2805 641
2806 653
2807 669
2808 639
2809 594
2810 670
2811 715
2812 677
2813 624
2814 680
2815 661
2816 646
2817 679
2818 660
2819 612
2820 697
2821 709
2822 648
2823 707
2824 627
2825 681
2826 659
2827 695
2828 647
2829 631
2830 663
2831 627
2832 679
2833 681
2834 676
2835 623
2836 653
2837 636
2838 685
2839 632
2840 668
2841 687
2842 625
2843 648
2844 612
2845 652
2846 626
2847 638
2848 639
2849 688
2850 647
2851 688
2852 668
2853 686
2854 652
2855 653
2856 648
2857 656
2858 661
2859 672
2860 674
2861 681
2862 650
2863 656
2864 664
2865 647
2866 668
2867 611
2868 677
2869 640
2870 635
2871 643
2872 669
2873 630
2874 0
2875 0
2876 606
2877 692
2878 671
2879 672
2880 709
2881 637
2882 680
2883 649
2884 652
2885 650
2886 653
2887 643
2888 688
2889 610
2890 666
2891 703
2892 669
2893 678
2894 708
2895 670
2896 670
2897 676
2898 701
2899 638
2900 660
2901 675
2902 693
2903 662
2904 646
2905 730
2906 632
2907 650
2908 667
2909 650
2910 691
2911 720
2912 675
2913 666
2914 659
2915 664
2916 680
2917 672
2918 659
2919 675
2920 642
2921 626
2922 642
2923 687
2924 680
2925 655
2926 679
2927 698
2928 683
2929 699
2930 691
2931 669
2932 690
2933 614
2934 673
2935 684
2936 676
2937 698
2938 646
2939 683
2940 648
2941 698
2942 650
2943 649
2944 657
2945 625
2946 620
2947 671
2948 649
2949 670
2950 693
2951 665
2952 671
2953 653
2954 692
2955 702
2956 634
2957 695
2958 681
2959 678
2960 676
2961 624
2962 678
2963 650
2964 690
2965 670
2966 640
2967 708
2968 639
2969 703
2970 692
2971 678
2972 692
2973 643
2974 685
2975 637
2976 682
2977 645
2978 676
2979 707
2980 684
2981 685
2982 689
2983 640
2984 698
2985 707
2986 676
2987 636
2988 662
2989 655
2990 652
2991 678
2992 643
2993 656
2994 630
2995 660
2996 664
2997 679
2998 649
2999 683
3000 657
3001 653
3002 645
3003 677
3004 636
3005 684
3006 666
3007 610
3008 669
3009 677
3010 634
3011 693
3012 675
3013 692
3014 659
3015 678
3016 679
3017 679
3018 692
3019 669
3020 666
3021 654
3022 685
3023 701
3024 685
3025 659
3026 652
3027 670
3028 607
3029 651
3030 674
3031 668
3032 663
3033 628
3034 652
3035 699
3036 675
3037 663
3038 702
3039 649
3040 619
3041 649
3042 656
3043 633
3044 705
3045 643
3046 673
3047 690
3048 735
3049 683
3050 672
3051 685
3052 673
3053 701
3054 654
3055 661
3056 672
3057 652
3058 730
3059 684
3060 646
3061 685
3062 652
3063 648
3064 670
3065 710
3066 634
3067 607
3068 699
3069 653
3070 640
3071 697
3072 670
3073 663
3074 655
3075 689
3076 663
3077 693
3078 594
3079 720
3080 688
3081 709
3082 677
3083 663
3084 639
3085 652
3086 648
3087 651
3088 704
3089 633
3090 657
3091 652
3092 673
3093 627
3094 623
3095 630
3096 658
3097 649
3098 693
3099 694
3100 712
3101 630
3102 651
3103 685
3104 608
3105 671
3106 653
3107 652
3108 652
3109 657
3110 719
3111 662
3112 654
3113 633
3114 705
3115 637
3116 643
3117 653
3118 664
3119 680
3120 648
3121 676
3122 648
3123 662
3124 649
3125 663
3126 619
3127 613
3128 657
3129 685
3130 667
3131 633
3132 684
3133 609
3134 635
3135 640
3136 658
3137 672
3138 703
3139 706
3140 623
3141 701
3142 691
3143 657
3144 679
3145 684
3146 679
3147 664
3148 663
3149 649
3150 673
3151 658
3152 637
3153 662
3154 676
3155 662
3156 662
3157 685
3158 705
3159 672
3160 681
3161 682
3162 653
3163 691
3164 648
3165 685
3166 639
3167 728
3168 705
3169 651
3170 672
3171 640
3172 662
3173 635
3174 675
3175 661
3176 681
3177 689
3178 670
3179 683
3180 645
3181 665
3182 697
3183 668
3184 662
3185 692
3186 685
3187 687
3188 678
3189 634
3190 678
3191 689
3192 635
3193 696
3194 687
3195 628
3196 714
3197 673
3198 666
3199 665
3200 661
3201 639
3202 628
3203 653
3204 645
3205 664
3206 674
3207 698
3208 657
3209 683
3210 650
3211 725
3212 703
3213 721
3214 642
3215 659
3216 653
3217 679
3218 685
3219 713
3220 681
3221 633
3222 655
3223 633
3224 690
3225 655
3226 672
3227 625
3228 667
3229 657
3230 711
3231 705
3232 665
3233 713
3234 638
3235 677
3236 646
3237 640
3238 668
3239 671
3240 654
3241 705
3242 678
3243 669
3244 717
3245 637
3246 629
3247 656
3248 705
3249 708
3250 625
3251 650
3252 686
3253 653
3254 670
3255 692
3256 657
3257 659
3258 638
3259 687
3260 669
3261 655
3262 657
3263 668
3264 691
3265 657
3266 673
3267 663
3268 650
3269 640
3270 668
3271 677
3272 643
3273 677
3274 666
3275 657
3276 669
3277 655
3278 676
3279 640
3280 644
3281 662
3282 661
3283 619
3284 694
3285 654
3286 602
3287 667
3288 662
3289 665
3290 653
3291 615
3292 670
3293 630
3294 652
3295 662
3296 657
3297 655
3298 636
3299 719
3300 686
3301 680
3302 702
3303 683
3304 657
3305 686
3306 649
3307 691
3308 684
3309 658
3310 640
3311 666
3312 741
3313 643
3314 693
3315 651
3316 699
3317 691
3318 640
3319 662
3320 693
3321 675
3322 691
3323 674
3324 649
3325 729
3326 667
3327 678
3328 641
3329 691
3330 661
3331 644
3332 616
3333 669
3334 643
3335 718
3336 635
3337 607
3338 688
3339 686
3340 686
3341 681
3342 662
3343 697
3344 691
3345 666
3346 652
3347 675
3348 700
3349 665
3350 638
3351 603
3352 672
3353 660
3354 656
3355 599
3356 631
3357 662
3358 682
3359 660
3360 686
3361 667
3362 706
3363 661
3364 695
3365 646
3366 709
3367 641
3368 622
3369 677
3370 654
3371 638
3372 662
3373 590
3374 635
3375 639
3376 664
3377 624
3378 660
3379 707
3380 672
3381 709
3382 662
3383 677
3384 696
3385 688
3386 694
3387 686
3388 660
3389 645
3390 701
3391 680
3392 648
3393 649
3394 691
3395 720
3396 637
3397 677
3398 699
3399 631
3400 668
3401 647
3402 684
3403 617
3404 647
3405 647
3406 677
3407 641
3408 643
3409 674
3410 641
3411 671
3412 686
3413 675
3414 705
3415 631
3416 659
3417 688
3418 621
3419 681
3420 652
3421 658
3422 696
3423 640
3424 655
3425 650
3426 688
3427 672
3428 664
3429 733
3430 689
3431 654
3432 654
3433 664
3434 714
3435 683
3436 659
3437 709
3438 687
3439 670
3440 625
3441 709
3442 646
3443 685
3444 680
3445 678
3446 684
3447 610
3448 708
3449 652
3450 637
3451 681
3452 640
3453 644
3454 694
3455 653
3456 642
3457 661
3458 703
3459 639
3460 649
3461 658
3462 647
3463 685
3464 641
3465 653
3466 646
3467 649
3468 677
3469 611
3470 641
3471 674
3472 681
3473 692
3474 685
3475 665
3476 672
3477 685
3478 720
3479 708
3480 670
3481 647
3482 637
3483 645
3484 657
3485 683
3486 618
3487 650
3488 660
3489 673
3490 692
3491 637
3492 661
3493 652
3494 622
3495 690
3496 633
3497 656
3498 649
3499 701
3500 650
3501 654
3502 672
3503 641
3504 672
3505 715
3506 688
3507 679
3508 685
3509 648
3510 634
3511 709
3512 635
3513 670
3514 695
3515 692
3516 703
3517 625
3518 712
3519 671
3520 643
3521 663
3522 621
3523 645
3524 690
3525 668
3526 671
3527 666
3528 647
3529 685
3530 665
3531 650
3532 664
3533 637
3534 653
3535 706
3536 664
3537 672
3538 634
3539 633
3540 625
3541 654
3542 691
3543 704
3544 715
3545 661
3546 674
3547 634
3548 702
3549 683
3550 651
3551 679
3552 657
3553 701
3554 674
3555 678
3556 666
3557 663
3558 625
3559 684
3560 721
3561 641
3562 706
3563 752
3564 640
3565 664
3566 664
3567 669
3568 674
3569 694
3570 639
3571 643
3572 700
3573 684
3574 613
3575 648
3576 708
3577 632
3578 651
3579 696
3580 668
3581 691
3582 625
3583 660
3584 694
3585 671
3586 648
3587 650
3588 665
3589 668
3590 648
3591 670
3592 657
3593 647
3594 674
3595 619
3596 648
3597 665
3598 675
3599 695
3600 708
3601 658
3602 669
3603 646
3604 659
3605 594
3606 683
3607 665
3608 698
3609 719
3610 694
3611 681
3612 716
3613 618
3614 723
3615 670
3616 648
3617 683
3618 679
3619 709
3620 636
3621 682
3622 670
3623 665
3624 703
3625 683
3626 645
3627 687
3628 624
3629 667
3630 676
3631 660
3632 630
3633 678
3634 604
3635 630
3636 725
3637 633
3638 698
3639 675
3640 645
3641 636
3642 624
3643 632
3644 657
3645 672
3646 642
3647 635
3648 655
3649 674
3650 683
3651 694
3652 665
3653 611
3654 640
3655 630
3656 655
3657 634
3658 658
3659 701
3660 674
3661 685
3662 669
3663 637
3664 651
3665 649
3666 628
3667 672
3668 707
3669 678
3670 662
3671 656
3672 683
3673 633
3674 626
3675 654
3676 686
3677 633
3678 695
3679 695
3680 700
3681 673
3682 741
3683 623
3684 654
3685 655
3686 664
3687 682
3688 705
3689 652
3690 668
3691 669
3692 648
3693 639
3694 658
3695 659
3696 673
3697 664
3698 620
3699 676
3700 626
3701 649
3702 643
3703 670
3704 631
3705 650
3706 671
3707 708
3708 642
3709 625
3710 674
3711 694
3712 732
3713 710
3714 689
3715 660
3716 683
3717 666
3718 710
3719 708
3720 667
3721 648
3722 660
3723 638
3724 700
3725 682
3726 676
3727 651
3728 688
3729 648
3730 655
3731 628
3732 666
3733 668
3734 660
3735 642
3736 697
3737 705
3738 666
3739 642
3740 671
3741 655
3742 658
3743 679
3744 695
3745 719
3746 610
3747 639
3748 651
3749 668
3750 665
3751 646
3752 601
3753 675
3754 664
3755 664
3756 680
3757 699
3758 622
3759 689
3760 688
3761 661
3762 634
3763 655
3764 699
3765 646
3766 687
3767 667
3768 652
3769 617
3770 688
3771 675
3772 677
3773 651
3774 692
3775 670
3776 665
3777 677
3778 645
3779 656
3780 709
3781 665
3782 641
3783 696
3784 686
3785 657
3786 710
3787 635
3788 684
3789 734
3790 711
3791 660
3792 668
3793 636
3794 660
3795 667
3796 680
3797 677
3798 654
3799 664
3800 683
3801 640
3802 665
3803 692
3804 663
3805 648
3806 653
3807 701
3808 675
3809 643
3810 663
3811 651
3812 676
3813 632
3814 693
3815 708
3816 641
3817 621
3818 717
3819 666
3820 678
3821 633
3822 645
3823 691
3824 652
3825 618
3826 637
3827 679
3828 664
3829 651
3830 666
3831 680
3832 612
3833 665
3834 684
3835 697
3836 668
3837 653
3838 669
3839 702
3840 705
3841 651
3842 659
3843 658
3844 670
3845 691
3846 661
3847 676
3848 677
3849 688
3850 633
3851 698
3852 659
3853 596
3854 643
3855 664
3856 689
3857 690
3858 681
3859 673
3860 634
3861 678
3862 645
3863 646
3864 657
3865 724
3866 667
3867 662
3868 671
3869 662
3870 662
3871 625
3872 662
3873 643
3874 653
3875 682
3876 648
3877 646
3878 668
3879 639
3880 646
3881 636
3882 665
3883 692
3884 671
3885 621
3886 668
3887 648
3888 613
3889 622
3890 690
3891 648
3892 656
3893 673
3894 697
3895 692
3896 674
3897 710
3898 697
3899 668
3900 676
3901 682
3902 711
3903 718
3904 626
3905 664
3906 637
3907 675
3908 584
3909 706
3910 674
3911 681
3912 636
3913 641
3914 633
3915 653
3916 664
3917 717
3918 697
3919 677
3920 678
3921 671
3922 649
3923 679
3924 659
3925 654
3926 676
3927 710
3928 610
3929 670
3930 663
3931 673
3932 644
3933 688
3934 711
3935 666
3936 693
3937 652
3938 658
3939 667
3940 641
3941 666
3942 662
3943 686
3944 681
3945 668
3946 620
3947 669
3948 643
3949 707
3950 702
3951 642
3952 638
3953 643
3954 642
3955 623
3956 708
3957 630
3958 712
3959 651
3960 605
3961 686
3962 682
3963 651
3964 685
3965 688
3966 657
3967 658
3968 651
3969 651
3970 692
3971 663
3972 663
3973 693
3974 678
3975 645
3976 625
3977 668
3978 629
3979 622
3980 647
3981 743
3982 664
3983 723
3984 663
3985 639
3986 657
3987 668
3988 576
3989 704
3990 671
3991 633
3992 683
3993 642
3994 666
3995 720
3996 670
3997 607
3998 672
3999 663
4000 671
4001 700
4002 662
4003 642
4004 669
4005 691
4006 686
4007 707
4008 627
4009 680
4010 602
4011 636
4012 666
4013 659
4014 686
4015 681
4016 695
4017 637
4018 661
4019 637
4020 647
4021 649
4022 663
4023 699
4024 636
4025 665
4026 671
4027 677
4028 657
4029 648
4030 709
4031 663
4032 655
4033 725
4034 637
4035 653
4036 660
4037 656
4038 649
4039 616
4040 638
4041 678
4042 699
4043 664
4044 674
4045 664
4046 649
4047 705
4048 683
4049 701
4050 698
4051 745
4052 716
4053 654
4054 594
4055 686
4056 654
4057 709
4058 688
4059 641
4060 628
4061 696
4062 659
4063 642
4064 684
4065 694
4066 617
4067 656
4068 678
4069 660
4070 656
4071 705
4072 615
4073 644
4074 664
4075 669
4076 629
4077 675
4078 675
4079 685
4080 660
4081 654
4082 730
4083 638
4084 634
4085 673
4086 609
4087 644
4088 701
4089 620
4090 712
4091 680
4092 715
4093 664
4094 641
4095 661
4096 718
4097 670
4098 648
4099 673
4100 691
4101 635
4102 688
4103 679
4104 698
4105 674
4106 639
4107 662
4108 703
4109 682
4110 656
4111 701
4112 649
4113 662
4114 710
4115 670
4116 681
4117 669
4118 652
4119 653
4120 658
4121 656
4122 697
4123 674
4124 663
4125 628
4126 639
4127 670
4128 670
4129 672
4130 678
4131 649
4132 682
4133 673
4134 641
4135 692
4136 689
4137 717
4138 653
4139 652
4140 623
4141 656
4142 644
4143 649
4144 699
4145 652
4146 638
4147 682
4148 681
4149 674
4150 671
4151 709
4152 669
4153 679
4154 690
4155 649
4156 666
4157 624
4158 672
4159 643
4160 678
4161 719
4162 635
4163 662
4164 654
4165 657
4166 673
4167 656
4168 619
4169 685
4170 665
4171 672
4172 685
4173 680
4174 663
4175 686
4176 601
4177 666
4178 645
4179 686
4180 664
4181 659
4182 692
4183 709
4184 633
4185 671
4186 677
4187 656
4188 638
4189 654
4190 644
4191 636
4192 682
4193 686
4194 685
4195 658
4196 686
4197 663
4198 643
4199 648
4200 639
4201 646
4202 649
4203 643
4204 661
4205 602
4206 672
4207 659
4208 695
4209 648
4210 614
4211 693
4212 646
4213 680
4214 652
4215 627
4216 648
4217 660
4218 680
4219 661
4220 703
4221 670
4222 662
4223 685
4224 671
4225 623
4226 660
4227 676
4228 676
4229 651
4230 690
4231 653
4232 656
4233 659
4234 664
4235 616
4236 684
4237 685
4238 647
4239 656
4240 643
4241 633
4242 695
4243 668
4244 654
4245 663
4246 618
4247 671
4248 644
4249 603
4250 696
4251 679
4252 633
4253 659
4254 689
4255 708
4256 673
4257 655
4258 651
4259 698
4260 634
4261 702
4262 681
4263 670
4264 664
4265 671
4266 688
4267 650
4268 700
4269 693
4270 642
4271 668
4272 694
4273 688
4274 647
4275 672
4276 662
4277 681
4278 674
4279 690
4280 610
4281 651
4282 659
4283 653
4284 617
4285 653
4286 663
4287 662
4288 645
4289 663
4290 697
4291 684
4292 660
4293 646
4294 675
4295 669
4296 673
4297 692
4298 620
4299 650
4300 673
4301 636
4302 663
4303 629
4304 661
4305 720
4306 658
4307 643
4308 659
4309 652
4310 617
4311 630
4312 683
4313 688
4314 661
4315 699
4316 684
4317 630
4318 667
4319 678
4320 640
4321 685
4322 663
4323 624
4324 708
4325 678
4326 677
4327 637
4328 651
4329 692
4330 668
4331 702
4332 658
4333 638
4334 647
4335 618
4336 647
4337 664
4338 676
4339 659
4340 687
4341 708
4342 641
4343 660
4344 647
4345 625
4346 639
4347 666
4348 712
4349 656
4350 676
4351 649
4352 634
4353 641
4354 641
4355 699
4356 687
4357 664
4358 667
4359 698
4360 705
4361 693
4362 634
4363 665
4364 641
4365 655
4366 616
4367 632
4368 675
4369 668
4370 721
4371 701
4372 644
4373 662
4374 656
4375 630
4376 679
4377 672
4378 635
4379 657
4380 693
4381 641
4382 708
4383 663
4384 640
4385 701
4386 675
4387 669
4388 639
4389 658
4390 648
4391 687
4392 698
4393 680
4394 677
4395 653
4396 673
4397 647
4398 677
4399 692
4400 644
4401 678
4402 732
4403 662
4404 700
4405 689
4406 721
4407 675
4408 668
4409 652
4410 708
4411 694
4412 659
4413 682
4414 639
4415 676
4416 642
4417 644
4418 667
4419 655
4420 709
4421 692
4422 690
4423 660
4424 679
4425 693
4426 672
4427 628
4428 699
4429 691
4430 672
4431 682
4432 639
4433 682
4434 672
4435 711
4436 702
4437 685
4438 686
4439 625
4440 725
4441 709
4442 679
4443 662
4444 708
4445 654
4446 699
4447 647
4448 675
4449 631
4450 708
4451 673
4452 658
4453 689
4454 664
4455 646
4456 624
4457 692
4458 676
4459 643
4460 623
4461 667
4462 672
4463 668
4464 675
4465 697
4466 705
4467 638
4468 662
4469 647
4470 655
4471 628
4472 658
4473 663
4474 724
4475 677
4476 671
4477 656
4478 643
4479 642
4480 680
4481 692
4482 693
4483 654
4484 697
4485 620
4486 682
4487 652
4488 641
4489 652
4490 640
4491 658
4492 666
4493 665
4494 666
4495 678
4496 623
4497 709
4498 610
4499 632
4500 670
4501 654
4502 635
4503 680
4504 652
4505 655
4506 654
4507 644
4508 661
4509 696
4510 687
4511 696
4512 663
4513 685
4514 692
4515 661
4516 672
4517 690
4518 687
4519 686
4520 659
4521 656
4522 711
4523 678
4524 650
4525 708
4526 671
4527 664
4528 669
4529 661
4530 655
4531 638
4532 682
4533 709
4534 667
4535 681
4536 656
4537 650
4538 643
4539 641
4540 688
4541 650
4542 698
4543 672
4544 647
4545 609
4546 653
4547 689
4548 627
4549 701
4550 708
4551 662
4552 646
4553 649
4554 673
4555 650
4556 641
4557 688
4558 619
4559 662
4560 694
4561 644
4562 695
4563 677
4564 670
4565 672
4566 663
4567 643
4568 675
4569 701
4570 656
4571 653
4572 673
4573 655
4574 663
4575 640
4576 622
4577 672
4578 657
4579 616
4580 712
4581 635
4582 654
4583 660
4584 705
4585 667
4586 691
4587 664
4588 658
4589 654
4590 661
4591 735
4592 609
4593 659
4594 626
4595 686
4596 636
4597 699
4598 685
4599 701
4600 659
4601 676
4602 659
4603 637
4604 645
4605 679
4606 683
4607 666
4608 654
4609 680
4610 676
4611 688
4612 653
4613 700
4614 660
4615 658
4616 635
4617 664
4618 679
4619 693
4620 668
4621 667
4622 645
4623 654
4624 645
4625 671
4626 659
4627 669
4628 659
4629 627
4630 652
4631 714
4632 612
4633 647
4634 681
4635 672
4636 682
4637 712
4638 646
4639 664
4640 693
4641 637
4642 688
4643 693
4644 647
4645 660
4646 671
4647 657
4648 652
4649 647
4650 652
4651 679
4652 666
4653 666
4654 681
4655 692
4656 685
4657 678
4658 650
4659 654
4660 664
4661 709
4662 651
4663 689
4664 674
4665 674
4666 701
4667 650
4668 704
4669 644
4670 672
4671 671
4672 672
4673 650
4674 692
4675 668
4676 727
4677 711
4678 696
4679 634
4680 621
4681 688
4682 621
4683 636
4684 685
4685 651
4686 688
4687 644
4688 610
4689 623
4690 694
4691 681
4692 681
4693 675
4694 640
4695 682
4696 649
4697 687
4698 679
4699 654
4700 689
4701 697
4702 616
4703 678
4704 668
4705 699
4706 627
4707 590
4708 677
4709 676
4710 671
4711 627
4712 691
4713 659
4714 655
4715 699
4716 641
4717 644
4718 699
4719 642
4720 639
4721 668
4722 648
4723 696
4724 613
4725 651
4726 711
4727 699
4728 623
4729 670
4730 655
4731 671
4732 658
4733 693
4734 670
4735 632
4736 694
4737 707
4738 655
4739 667
4740 656
4741 682
4742 692
4743 686
4744 650
4745 671
4746 706
4747 703
4748 667
4749 647
4750 660
4751 651
4752 676
4753 673
4754 637
4755 632
4756 647
4757 714
4758 658
4759 610
4760 636
4761 659
4762 621
4763 677
4764 669
4765 654
4766 662
4767 670
4768 636
4769 666
4770 662
4771 690
4772 694
4773 667
4774 662
4775 660
4776 652
4777 637
4778 677
4779 655
4780 651
4781 664
4782 681
4783 646
4784 654
4785 640
4786 666
4787 609
4788 625
4789 685
4790 643
4791 653
4792 720
4793 688
4794 664
4795 668
4796 663
4797 674
4798 685
4799 658
4800 651
4801 664
4802 672
4803 649
4804 632
4805 714
4806 627
4807 687
4808 670
4809 648
4810 695
4811 667
4812 631
4813 689
4814 702
4815 642
4816 633
4817 677
4818 668
4819 699
4820 648
4821 709
4822 663
4823 638
4824 672
4825 645
4826 652
4827 636
4828 632
4829 669
4830 634
4831 638
4832 644
4833 626
4834 695
4835 631
4836 621
4837 664
4838 633
4839 688
4840 671
4841 698
4842 618
4843 689
4844 664
4845 667
4846 641
4847 675
4848 650
4849 658
4850 679
4851 707
4852 648
4853 695
4854 643
4855 683
4856 646
4857 665
4858 656
4859 729
4860 635
4861 627
4862 707
4863 614
4864 653
4865 637
4866 690
4867 670
4868 662
4869 641
4870 654
4871 621
4872 644
4873 668
4874 657
4875 668
4876 631
4877 600
4878 673
4879 701
4880 660
4881 692
4882 658
4883 661
4884 699
4885 647
4886 663
4887 621
4888 592
4889 653
4890 617
4891 665
4892 678
4893 706
4894 649
4895 640
4896 615
4897 673
4898 625
4899 692
4900 609
4901 664
4902 660
4903 696
4904 691
4905 637
4906 690
4907 665
4908 663
4909 681
4910 652
4911 729
4912 691
4913 677
4914 637
4915 691
4916 689
4917 656
4918 651
4919 650
4920 660
4921 614
4922 663
4923 638
4924 677
4925 706
4926 640
4927 666
4928 695
4929 661
4930 641
4931 663
4932 680
4933 627
4934 668
4935 671
4936 660
4937 676
4938 696
4939 700
4940 691
4941 682
4942 645
4943 667
4944 643
4945 685
4946 633
4947 695
4948 671
4949 679
4950 634
4951 694
4952 626
4953 663
4954 679
4955 656
4956 637
4957 645
4958 666
4959 640
4960 646
4961 684
4962 702
4963 662
4964 649
4965 692
4966 697
4967 679
4968 625
4969 670
4970 670
4971 664
4972 622
4973 663
4974 648
4975 684
4976 678
4977 612
4978 685
4979 677
4980 652
4981 696
4982 679
4983 640
4984 698
4985 662
4986 616
4987 661
4988 688
4989 646
4990 617
4991 646
4992 698
4993 667
4994 686
4995 683
4996 609
4997 683
4998 686
4999 658
5000 673
5001 699
5002 662
5003 649
5004 647
5005 680
5006 701
5007 718
5008 659
5009 674
5010 659
5011 645
5012 639
5013 691
5014 639
5015 642
5016 690
5017 675
5018 664
5019 685
5020 672
5021 643
5022 625
5023 672
5024 660
5025 669
5026 652
5027 656
5028 644
5029 671
5030 700
5031 706
5032 685
5033 676
5034 664
5035 670
5036 668
5037 654
5038 688
5039 654
5040 647
5041 689
5042 676
5043 682
5044 675
5045 708
5046 647
5047 654
5048 648
5049 650
5050 661
5051 659
5052 657
5053 676
5054 685
5055 662
5056 668
5057 669
5058 640
5059 670
5060 707
5061 700
5062 641
5063 637
5064 667
5065 625
5066 658
5067 677
5068 633
5069 693
5070 673
5071 676
5072 647
5073 681
5074 682
5075 626
5076 658
5077 649
5078 735
5079 664
5080 654
5081 670
5082 668
5083 629
5084 715
5085 669
5086 666
5087 658
5088 648
5089 678
5090 666
5091 681
5092 656
5093 667
5094 664
5095 697
5096 656
5097 655
5098 679
5099 675
5100 671
5101 682
5102 649
5103 686
5104 672
5105 689
5106 649
5107 677
5108 691
5109 680
5110 639
5111 638
5112 682
5113 694
5114 683
5115 683
5116 695
5117 656
5118 633
5119 655
5120 679
5121 674
5122 650
5123 645
5124 657
5125 689
5126 703
5127 684
5128 634
5129 676
5130 682
5131 673
5132 629
5133 619
5134 655
5135 642
5136 722
5137 661
5138 753
5139 654
5140 647
5141 685
5142 672
5143 648
5144 659
5145 666
5146 661
5147 691
5148 718
5149 651
5150 680
5151 668
5152 675
5153 681
5154 668
5155 704
5156 648
5157 618
5158 706
5159 666
5160 632
5161 615
5162 676
5163 641
5164 629
5165 713
5166 597
5167 703
5168 694
5169 619
5170 693
5171 688
5172 646
5173 686
5174 693
5175 700
5176 677
5177 667
5178 705
5179 639
5180 682
5181 647
5182 683
5183 642
5184 679
5185 642
5186 622
5187 727
5188 646
5189 643
5190 670
5191 661
5192 706
5193 641
5194 667
5195 602
5196 662
5197 638
5198 682
5199 669
5200 663
5201 652
5202 681
5203 633
5204 696
5205 690
5206 645
5207 666
5208 663
5209 709
5210 661
5211 697
5212 627
5213 627
5214 665
5215 697
5216 674
5217 707
5218 636
5219 669
5220 693
5221 688
5222 659
5223 635
5224 657
5225 652
5226 656
5227 671
5228 670
5229 663
5230 614
5231 693
5232 670
5233 687
5234 655
5235 684
5236 671
5237 655
5238 630
5239 657
5240 666
5241 666
5242 641
5243 705
5244 672
5245 683
5246 666
5247 654
5248 714
5249 660
5250 658
5251 661
5252 696
5253 657
5254 655
5255 677
5256 669
5257 651
5258 680
5259 704
5260 640
5261 637
5262 640
5263 683
5264 648
5265 702
5266 639
5267 633
5268 661
5269 637
5270 706
5271 696
5272 674
5273 654
5274 686
5275 662
5276 657
5277 622
5278 634
5279 693
5280 699
5281 656
5282 670
5283 673
5284 641
5285 669
5286 618
5287 681
5288 702
5289 677
5290 659
5291 673
5292 667
5293 677
5294 680
5295 692
5296 656
5297 683
5298 662
5299 677
5300 684
5301 670
5302 691
5303 674
5304 657
5305 651
5306 684
5307 687
5308 682
5309 661
5310 679
5311 674
5312 730
5313 667
5314 661
5315 685
5316 624
5317 615
5318 636
5319 643
5320 660
5321 656
5322 659
5323 658
5324 688
5325 608
5326 659
5327 652
5328 658
5329 633
5330 649
5331 661
5332 680
5333 660
5334 694
5335 669
5336 644
5337 643
5338 649
5339 702
5340 654
5341 631
5342 649
5343 641
5344 633
5345 686
5346 650
5347 628
5348 645
5349 692
5350 674
5351 665
5352 680
5353 717
5354 679
5355 653
5356 665
5357 624
5358 682
5359 656
5360 685
5361 686
5362 683
5363 656
5364 712
5365 636
5366 675
5367 702
5368 644
5369 689
5370 688
5371 647
5372 682
5373 658
5374 674
5375 647
5376 643
5377 673
5378 643
5379 691
5380 693
5381 661
5382 687
5383 651
5384 625
5385 670
5386 652
5387 642
5388 682
5389 698
5390 647
5391 674
5392 641
5393 640
5394 696
5395 660
5396 671
5397 727
5398 607
5399 635
5400 678
5401 670
5402 658
5403 680
5404 704
5405 671
5406 662
5407 681
5408 668
5409 696
5410 688
5411 699
5412 671
5413 654
5414 686
5415 694
5416 660
5417 638
5418 651
5419 643
5420 689
5421 649
5422 632
5423 729
5424 654
5425 667
5426 650
5427 658
5428 667
5429 680
5430 681
5431 693
5432 684
5433 643
5434 696
5435 664
5436 630
5437 736
5438 687
5439 648
5440 693
5441 624
5442 631
5443 652
5444 684
5445 659
5446 647
5447 645
5448 682
5449 712
5450 675
5451 676
5452 609
5453 643
5454 635
5455 633
5456 633
5457 684
5458 625
5459 635
5460 680
5461 645
5462 629
5463 679
5464 702
5465 671
5466 642
5467 664
5468 636
5469 674
5470 666
5471 633
5472 668
5473 651
5474 664
5475 692
5476 665
5477 711
5478 641
5479 668
5480 645
5481 669
5482 639
5483 613
5484 688
5485 651
5486 678
5487 673
5488 685
5489 711
5490 725
5491 642
5492 682
5493 659
5494 681
5495 656
5496 645
5497 731
5498 672
5499 722
5500 672
5501 636
5502 637
5503 657
5504 621
5505 581
5506 635
5507 718
5508 676
5509 697
5510 698
5511 657
5512 661
5513 686
5514 683
5515 690
5516 705
5517 649
5518 676
5519 657
5520 654
5521 682
5522 668
5523 678
5524 671
5525 681
5526 670
5527 648
5528 665
5529 668
5530 666
5531 635
5532 667
5533 707
5534 690
5535 645
5536 694
5537 707
5538 647
5539 634
5540 679
5541 688
5542 638
5543 672
5544 650
5545 664
5546 636
5547 677
5548 651
5549 667
5550 696
5551 713
5552 623
5553 674
5554 661
5555 645
5556 598
5557 618
5558 647
5559 667
5560 694
5561 640
5562 650
5563 669
5564 670
5565 660
5566 686
5567 672
5568 680
5569 673
5570 670
5571 664
5572 662
5573 644
5574 647
5575 672
5576 691
5577 664
5578 666
5579 608
5580 694
5581 667
5582 630
5583 664
5584 635
5585 633
5586 679
5587 685
5588 692
5589 654
5590 652
5591 663
5592 674
5593 611
5594 658
5595 630
5596 711
5597 648
5598 608
5599 657
5600 649
5601 671
5602 656
5603 668
5604 647
5605 677
5606 677
5607 716
5608 653
5609 661
5610 668
5611 645
5612 654
5613 691
5614 684
5615 691
5616 647
5617 652
5618 673
5619 705
5620 692
5621 657
5622 708
5623 690
5624 679
5625 655
5626 677
5627 671
5628 691
5629 608
5630 676
5631 675
5632 678
5633 639
5634 682
5635 628
5636 658
5637 694
5638 704
5639 685
5640 653
5641 668
5642 696
5643 648
5644 660
5645 640
5646 696
5647 665
5648 680
5649 690
5650 642
5651 675
5652 639
5653 622
5654 678
5655 701
5656 625
5657 639
5658 656
5659 684
5660 712
5661 680
5662 681
5663 727
5664 639
5665 616
5666 691
5667 677
5668 669
5669 631
5670 719
5671 638
5672 627
5673 688
5674 679
5675 675
5676 646
5677 678
5678 659
5679 687
5680 629
5681 679
5682 644
5683 648
5684 650
5685 682
5686 701
5687 664
5688 703
5689 652
5690 701
5691 670
5692 627
5693 675
5694 661
5695 681
5696 672
5697 629
5698 658
5699 637
5700 671
5701 653
5702 630
5703 633
5704 671
5705 670
5706 674
5707 613
5708 671
5709 629
5710 697
5711 683
5712 658
5713 626
5714 644
5715 648
5716 666
5717 678
5718 696
5719 695
5720 667
5721 690
5722 664
5723 642
5724 698
5725 624
5726 705
5727 638
5728 671
5729 618
5730 693
5731 676
5732 619
5733 665
5734 610
5735 678
5736 667
5737 661
5738 698
5739 652
5740 685
5741 680
5742 658
5743 672
5744 615
5745 740
5746 620
5747 658
5748 626
5749 696
5750 655
5751 656
5752 630
5753 604
5754 691
5755 690
5756 666
5757 628
5758 621
5759 668
5760 673
5761 687
5762 680
5763 691
5764 659
5765 679
5766 646
5767 654
5768 621
5769 710
5770 646
5771 682
5772 646
5773 616
5774 645
5775 667
5776 666
5777 695
5778 666
5779 692
5780 661
5781 646
5782 621
5783 624
5784 695
5785 669
5786 650
5787 649
5788 621
5789 652
5790 668
5791 682
5792 665
5793 642
5794 666
5795 637
5796 669
5797 648
5798 664
5799 633
5800 678
5801 755
5802 683
5803 660
5804 667
5805 713
5806 648
5807 697
5808 713
5809 674
5810 720
5811 654
5812 659
5813 659
5814 685
5815 684
5816 636
5817 685
5818 664
5819 688
5820 654
5821 644
5822 668
5823 665
5824 696
5825 710
5826 713
5827 704
5828 660
5829 671
5830 666
5831 631
5832 668
5833 673
5834 661
5835 677
5836 676
5837 659
5838 633
5839 647
5840 670
5841 699
5842 648
5843 684
5844 645
5845 664
5846 683
5847 716
5848 720
5849 692
5850 704
5851 610
5852 644
5853 619
5854 647
5855 716
5856 708
5857 625
5858 668
5859 661
5860 620
5861 715
5862 719
5863 627
5864 617
5865 664
5866 646
5867 670
5868 703
5869 627
5870 682
5871 643
5872 636
5873 627
5874 641
5875 693
5876 715
5877 631
5878 692
5879 655
5880 721
5881 672
5882 677
5883 638
5884 665
5885 668
5886 645
5887 610
5888 670
5889 632
5890 627
5891 692
5892 694
5893 677
5894 672
5895 652
5896 701
5897 658
5898 621
5899 650
5900 643
5901 628
5902 688
5903 670
5904 728
5905 664
5906 691
5907 650
5908 713
5909 646
5910 687
5911 672
5912 667
5913 641
5914 650
5915 659
5916 641
5917 650
5918 685
5919 682
5920 670
5921 667
5922 630
5923 665
5924 682
5925 659
5926 656
5927 645
5928 633
5929 690
5930 675
5931 633
5932 638
5933 641
5934 653
5935 667
5936 696
5937 687
5938 680
5939 701
5940 679
5941 662
5942 671
5943 673
5944 672
5945 695
5946 650
5947 675
5948 666
5949 665
5950 649
5951 661
5952 614
5953 694
5954 661
5955 657
5956 659
5957 650
5958 640
5959 646
5960 684
5961 713
5962 653
5963 675
5964 667
5965 669
5966 678
5967 713
5968 658
5969 658
5970 660
5971 698
5972 650
5973 625
5974 658
5975 698
5976 659
5977 675
5978 652
5979 686
5980 641
5981 684
5982 649
5983 682
5984 682
5985 680
5986 699
5987 673
5988 711
5989 654
5990 662
5991 685
5992 647
5993 663
5994 687
5995 665
5996 726
5997 642
5998 675
5999 650
6000 691
6001 697
6002 709
6003 684
6004 676
6005 667
6006 685
6007 681
6008 653
6009 660
6010 710
6011 661
6012 657
6013 658
6014 664
6015 611
6016 653
6017 702
6018 635
6019 679
6020 658
6021 638
6022 691
6023 623
6024 675
6025 690
6026 642
6027 691
6028 671
6029 646
6030 657
6031 688
6032 678
6033 651
6034 641
6035 675
6036 672
6037 691
6038 636
6039 636
6040 666
6041 669
6042 716
6043 684
6044 678
6045 664
6046 646
6047 619
6048 659
6049 649
6050 698
6051 662
6052 677
6053 693
6054 689
6055 666
6056 699
6057 656
6058 631
6059 655
6060 652
6061 689
6062 674
6063 734
6064 679
6065 664
6066 651
6067 704
6068 683
6069 717
6070 659
6071 700
6072 653
6073 655
6074 650
6075 654
6076 631
6077 686
6078 659
6079 647
6080 669
6081 689
6082 710
6083 680
6084 637
6085 709
6086 615
6087 665
6088 683
6089 682
6090 632
6091 701
6092 629
6093 615
6094 678
6095 675
6096 692
6097 648
6098 736
6099 686
6100 632
6101 714
6102 659
6103 648
6104 660
6105 677
6106 662
6107 636
6108 648
6109 665
6110 589
6111 684
6112 668
6113 648
6114 686
6115 635
6116 690
6117 648
6118 669
6119 655
6120 723
6121 703
6122 688
6123 651
6124 674
6125 674
6126 654
6127 654
6128 666
6129 647
6130 642
6131 697
6132 667
6133 649
6134 668
6135 641
6136 682
6137 686
6138 628
6139 684
6140 672
6141 610
6142 647
6143 663
6144 663
6145 627
6146 689
6147 686
6148 651
6149 678
6150 662
6151 633
6152 711
6153 701
6154 652
6155 642
6156 677
6157 667
6158 648
6159 648
6160 663
6161 720
6162 670
6163 638
6164 656
6165 618
6166 659
6167 738
6168 710
6169 667
6170 698
6171 693
6172 669
6173 698
6174 664
6175 637
6176 680
6177 683
6178 687
6179 674
6180 683
6181 651
6182 669
6183 633
6184 687
6185 650
6186 653
6187 648
6188 688
6189 686
6190 605
6191 704
6192 617
6193 656
6194 670
6195 642
6196 679
6197 693
6198 699
6199 670
6200 677
6201 635
6202 670
6203 672
6204 707
6205 667
6206 649
6207 664
6208 674
6209 677
6210 674
6211 648
6212 635
6213 674
6214 670
6215 664
6216 681
6217 691
6218 712
6219 681
6220 653
6221 688
6222 709
6223 665
6224 665
6225 654
6226 671
6227 693
6228 670
6229 662
6230 694
6231 718
6232 633
6233 637
6234 609
6235 684
6236 657
6237 683
6238 667
6239 650
6240 622
6241 662
6242 638
6243 671
6244 675
6245 686
6246 689
6247 636
6248 685
6249 641
6250 697
6251 662
6252 689
6253 667
6254 650
6255 617
6256 655
6257 671
6258 715
6259 663
6260 676
6261 660
6262 718
6263 659
6264 661
6265 629
6266 646
6267 647
6268 669
6269 692
6270 653
6271 671
6272 688
6273 685
6274 642
6275 652
6276 699
6277 645
6278 694
6279 650
6280 658
6281 692
6282 621
6283 692
6284 692
6285 681
6286 661
6287 658
6288 671
6289 662
6290 672
6291 688
6292 680
6293 639
6294 686
6295 675
6296 642
6297 687
6298 671
6299 657
6300 660
6301 667
6302 717
6303 685
6304 644
6305 685
6306 655
6307 649
6308 632
6309 671
6310 663
6311 651
6312 714
6313 677
6314 669
6315 651
6316 683
6317 671
6318 708
6319 641
6320 674
6321 674
6322 648
6323 651
6324 672
6325 681
6326 670
6327 673
6328 650
6329 654
6330 672
6331 640
6332 643
6333 672
6334 720
6335 634
6336 659
6337 646
6338 643
6339 689
6340 671
6341 681
6342 663
6343 662
6344 640
6345 633
6346 664
6347 664
6348 599
6349 660
6350 634
6351 640
6352 675
6353 669
6354 680
6355 633
6356 701
6357 604
6358 670
6359 657
6360 658
6361 638
6362 647
6363 713
6364 661
6365 704
6366 681
6367 686
6368 675
6369 636
6370 706
6371 656
6372 669
6373 635
6374 664
6375 690
6376 655
6377 645
6378 665
6379 639
6380 663
6381 688
6382 665
6383 654
6384 650
6385 676
6386 659
6387 647
6388 657
6389 713
6390 687
6391 666
6392 687
6393 632
6394 629
6395 691
6396 642
6397 663
6398 655
6399 683
6400 677
6401 661
6402 700
6403 638
6404 663
6405 676
6406 654
6407 683
6408 653
6409 643
6410 655
6411 702
6412 644
6413 677
6414 638
6415 652
6416 673
6417 670
6418 656
6419 693
6420 660
6421 623
6422 630
6423 685
6424 652
6425 683
6426 645
6427 701
6428 636
6429 691
6430 726
6431 676
6432 672
6433 658
6434 630
6435 662
6436 609
6437 620
6438 618
6439 638
6440 711
6441 649
6442 662
6443 682
6444 694
6445 665
6446 684
6447 665
6448 682
6449 686
6450 625
6451 658
6452 672
6453 649
6454 697
6455 646
6456 641
6457 628
6458 696
6459 702
6460 668
6461 702
6462 690
6463 636
6464 657
6465 647
6466 644
6467 654
6468 649
6469 657
6470 652
6471 661
6472 666
6473 679
6474 650
6475 691
6476 701
6477 705
6478 670
6479 684
6480 697
6481 706
6482 693
6483 675
6484 664
6485 684
6486 673
6487 624
6488 651
6489 642
6490 665
6491 696
6492 677
6493 712
6494 707
6495 723
6496 652
6497 652
6498 658
6499 661
6500 636
6501 662
6502 642
6503 675
6504 685
6505 678
6506 664
6507 632
6508 647
6509 666
6510 636
6511 649
6512 664
6513 666
6514 652
6515 644
6516 675
6517 677
6518 703
6519 717
6520 685
6521 664
6522 659
6523 643
6524 659
6525 672
6526 678
6527 621
6528 684
6529 693
6530 659
6531 614
6532 646
6533 673
6534 633
6535 625
6536 643
6537 661
6538 654
6539 636
6540 673
6541 667
6542 660
6543 668
6544 646
6545 655
6546 667
6547 635
6548 659
6549 676
6550 669
6551 668
6552 644
6553 635
6554 682
6555 642
6556 691
6557 661
6558 670
6559 656
6560 651
6561 670
6562 621
6563 652
6564 687
6565 687
6566 666
6567 639
6568 674
6569 689
6570 612
6571 680
6572 701
6573 675
6574 655
6575 658
6576 687
6577 666
6578 650
6579 669
6580 725
6581 632
6582 665
6583 673
6584 671
6585 656
6586 648
6587 670
6588 661
6589 672
6590 630
6591 652
6592 650
6593 687
6594 709
6595 650
6596 628
6597 661
6598 660
6599 708
6600 658
6601 734
6602 629
6603 666
6604 628
6605 694
6606 687
6607 666
6608 634
6609 628
6610 673
6611 694
6612 647
6613 663
6614 658
6615 680
6616 699
6617 681
6618 694
6619 643
6620 678
6621 655
6622 687
6623 654
6624 665
6625 627
6626 662
6627 696
6628 665
6629 676
6630 642
6631 639
6632 681
6633 664
6634 641
6635 678
6636 688
6637 680
6638 714
6639 707
6640 613
6641 667
6642 661
6643 681
6644 624
6645 672
6646 672
6647 685
6648 683
6649 689
6650 707
6651 681
6652 684
6653 678
6654 644
6655 699
6656 688
6657 684
6658 672
6659 670
6660 691
6661 676
6662 630
6663 693
6664 647
6665 651
6666 693
6667 710
6668 635
6669 725
6670 659
6671 694
6672 670
6673 624
6674 655
6675 635
6676 691
6677 686
6678 639
6679 712
6680 647
6681 675
6682 696
6683 650
6684 696
6685 689
6686 657
6687 657
6688 675
6689 653
6690 681
6691 627
6692 658
6693 683
6694 654
6695 632
6696 674
6697 628
6698 691
6699 652
6700 694
6701 641
6702 662
6703 641
6704 654
6705 633
6706 661
6707 665
6708 597
6709 675
6710 616
6711 693
6712 618
6713 651
6714 680
6715 655
6716 617
6717 604
6718 621
6719 652
6720 683
6721 660
6722 667
6723 713
6724 690
6725 637
6726 662
6727 657
6728 662
6729 654
6730 688
6731 603
6732 689
6733 655
6734 639
6735 655
6736 657
6737 684
6738 615
6739 635
6740 706
6741 682
6742 675
6743 677
6744 637
6745 639
6746 708
6747 664
6748 666
6749 622
6750 680
6751 602
6752 640
6753 638
6754 670
6755 684
6756 692
6757 686
6758 716
6759 696
6760 643
6761 664
6762 694
6763 680
6764 668
6765 695
6766 670
6767 671
6768 641
6769 650
6770 690
6771 626
6772 726
6773 697
6774 686
6775 688
6776 688
6777 744
6778 690
6779 683
6780 631
6781 660
6782 699
6783 662
6784 680
6785 647
6786 613
6787 648
6788 617
6789 694
6790 646
6791 647
6792 634
6793 665
6794 633
6795 627
6796 675
6797 665
6798 641
6799 633
6800 689
6801 657
6802 654
6803 691
6804 673
6805 675
6806 652
6807 677
6808 668
6809 680
6810 582
6811 673
6812 724
6813 626
6814 687
6815 656
6816 694
6817 612
6818 631
6819 654
6820 620
6821 646
6822 672
6823 636
6824 640
6825 677
6826 651
6827 663
6828 684
6829 659
6830 612
6831 663
6832 681
6833 663
6834 694
6835 647
6836 689
6837 695
6838 645
6839 654
6840 690
6841 683
6842 714
6843 646
6844 678
6845 663
6846 717
6847 620
6848 654
6849 617
6850 653
6851 674
6852 661
6853 656
6854 657
6855 650
6856 695
6857 653
6858 703
6859 671
6860 656
6861 653
6862 730
6863 692
6864 736
6865 670
6866 679
6867 649
6868 697
6869 723
6870 647
6871 691
6872 664
6873 675
6874 671
6875 639
6876 666
6877 637
6878 620
6879 603
6880 673
6881 695
6882 640
6883 644
6884 662
6885 658
6886 654
6887 670
6888 656
6889 645
6890 663
6891 717
6892 661
6893 650
6894 696
6895 657
6896 644
6897 682
6898 646
6899 658
6900 623
6901 653
6902 646
6903 657
6904 688
6905 693
6906 658
6907 641
6908 690
6909 704
6910 676
6911 669
6912 685
6913 683
6914 704
6915 642
6916 672
6917 670
6918 614
6919 659
6920 690
6921 661
6922 675
6923 680
6924 683
6925 645
6926 695
6927 680
6928 656
6929 658
6930 661
6931 676
6932 662
6933 659
6934 647
6935 622
6936 685
6937 680
6938 679
6939 643
6940 657
6941 679
6942 656
6943 648
6944 665
6945 662
6946 633
6947 679
6948 729
6949 676
6950 620
6951 649
6952 640
6953 644
6954 656
6955 677
6956 673
6957 664
6958 679
6959 676
6960 669
6961 683
6962 650
6963 696
6964 657
6965 652
6966 668
6967 650
6968 698
6969 649
6970 717
6971 723
6972 683
6973 675
6974 660
6975 660
6976 624
6977 669
6978 624
6979 646
6980 650
6981 626
6982 737
6983 644
6984 650
6985 687
6986 711
6987 665
6988 644
6989 652
6990 659
6991 664
6992 636
6993 676
6994 648
6995 622
6996 658
6997 658
6998 672
6999 671
7000 644
7001 659
7002 705
7003 647
7004 696
7005 688
7006 662
7007 648
7008 644
7009 629
7010 666
7011 695
7012 620
7013 661
7014 644
7015 649
7016 645
7017 601
7018 638
7019 602
7020 669
7021 645
7022 642
7023 645
7024 654
7025 683
7026 671
7027 681
7028 674
7029 660
7030 654
7031 720
7032 621
7033 665
7034 711
7035 677
7036 665
7037 679
7038 678
7039 669
7040 647
7041 664
7042 633
7043 654
7044 662
7045 652
7046 651
7047 645
7048 708
7049 668
7050 713
7051 664
7052 657
7053 669
7054 654
7055 695
7056 692
7057 707
7058 693
7059 721
7060 673
7061 668
7062 679
7063 631
7064 613
7065 705
7066 684
7067 630
7068 698
7069 696
7070 670
7071 649
7072 650
7073 663
7074 650
7075 640
7076 684
7077 677
7078 635
7079 684
7080 689
7081 709
7082 631
7083 713
7084 612
7085 694
7086 674
7087 645
7088 657
7089 691
7090 632
7091 572
7092 647
7093 670
7094 689
7095 687
7096 637
7097 690
7098 696
7099 647
7100 656
7101 693
7102 648
7103 660
7104 675
7105 711
7106 685
7107 676
7108 684
7109 604
7110 685
7111 700
7112 675
7113 654
7114 712
7115 614
7116 657
7117 673
7118 690
7119 674
7120 653
7121 704
7122 660
7123 640
7124 634
7125 646
7126 628
7127 651
7128 645
7129 658
7130 702
7131 655
7132 667
7133 673
7134 676
7135 630
7136 662
7137 641
7138 688
7139 702
7140 631
7141 680
7142 705
7143 671
7144 666
7145 672
7146 651
7147 636
7148 651
7149 636
7150 693
7151 707
7152 635
7153 628
7154 666
7155 695
7156 658
7157 668
7158 658
7159 656
7160 659
7161 699
7162 656
7163 666
7164 696
7165 665
7166 694
7167 634
7168 675
7169 641
7170 656
7171 693
7172 684
7173 681
7174 685
7175 656
7176 662
7177 676
7178 661
7179 669
7180 677
7181 674
7182 657
7183 683
7184 705
7185 670
7186 682
7187 661
7188 667
7189 596
7190 632
7191 676
7192 646
7193 622
7194 683
7195 651
7196 698
7197 673
7198 655
7199 708
7200 619
7201 675
7202 717
7203 655
7204 676
7205 656
7206 689
7207 586
7208 696
7209 678
7210 631
7211 729
7212 685
7213 690
7214 679
7215 677
7216 678
7217 682
7218 644
7219 662
7220 674
7221 658
7222 669
7223 689
7224 674
7225 655
7226 657
7227 665
7228 653
7229 710
7230 679
7231 654
7232 657
7233 657
7234 651
7235 691
7236 680
7237 664
7238 693
7239 619
7240 663
7241 674
7242 677
7243 660
7244 679
7245 711
7246 669
7247 682
7248 675
7249 670
7250 675
7251 648
7252 670
7253 662
7254 634
7255 662
7256 684
7257 676
7258 667
7259 713
7260 667
7261 665
7262 672
7263 634
7264 658
7265 660
7266 678
7267 641
7268 667
7269 738
7270 709
7271 691
7272 733
7273 658
7274 667
7275 693
7276 678
7277 678
7278 678
7279 649
7280 640
7281 663
7282 668
7283 626
7284 626
7285 677
7286 641
7287 667
7288 655
7289 670
7290 637
7291 678
7292 688
7293 646
7294 709
7295 639
7296 659
7297 652
7298 697
7299 678
7300 705
7301 651
7302 683
7303 665
7304 646
7305 650
7306 633
7307 682
7308 656
7309 654
7310 670
7311 632
7312 701
7313 668
7314 638
7315 658
7316 676
7317 724
7318 651
7319 695
7320 686
7321 664
7322 664
7323 691
7324 685
7325 647
7326 679
7327 608
7328 700
7329 645
7330 669
7331 646
7332 620
7333 641
7334 660
7335 684
7336 643
7337 642
7338 651
7339 650
7340 630
7341 654
7342 638
7343 630
7344 699
7345 630
7346 653
7347 662
7348 667
7349 673
7350 653
7351 629
7352 709
7353 644
7354 671
7355 633
7356 663
7357 636
7358 631
7359 722
7360 637
7361 615
7362 675
7363 677
7364 697
7365 678
7366 694
7367 646
7368 609
7369 663
7370 679
7371 620
7372 690
7373 703
7374 685
7375 701
7376 640
7377 705
7378 651
7379 688
7380 641
7381 642
7382 646
7383 648
7384 654
7385 673
7386 644
7387 699
7388 720
7389 648
7390 727
7391 695
7392 675
7393 660
7394 701
7395 728
7396 675
7397 678
7398 650
7399 647
7400 658
7401 623
7402 690
7403 685
7404 675
7405 698
7406 721
7407 618
7408 612
7409 682
7410 645
7411 665
7412 667
7413 644
7414 679
7415 675
7416 644
7417 658
7418 682
7419 670
7420 633
7421 648
7422 723
7423 699
7424 640
7425 676
7426 672
7427 711
7428 683
7429 666
7430 720
7431 631
7432 663
7433 664
7434 628
7435 687
7436 683
7437 645
7438 688
7439 662
7440 689
7441 662
7442 710
7443 655
7444 639
7445 655
7446 610
7447 655
7448 667
7449 684
7450 633
7451 707
7452 663
7453 674
7454 633
7455 670
7456 666
7457 666
7458 652
7459 677
7460 644
7461 683
7462 632
7463 678
7464 691
7465 704
7466 663
7467 616
7468 680
7469 706
7470 650
7471 658
7472 672
7473 671
7474 678
7475 667
7476 691
7477 665
7478 657
7479 681
7480 679
7481 650
7482 643
7483 671
7484 673
7485 662
7486 707
7487 687
7488 692
7489 679
7490 657
7491 671
7492 602
7493 672
7494 652
7495 684
7496 632
7497 678
7498 681
7499 680
7500 707
7501 686
7502 644
7503 692
7504 664
7505 641
7506 665
7507 665
7508 681
7509 647
7510 653
7511 698
7512 672
7513 668
7514 627
7515 668
7516 660
7517 644
7518 669
7519 658
7520 708
7521 669
7522 674
7523 660
7524 643
7525 674
7526 708
7527 686
7528 660
7529 671
7530 628
7531 663
7532 671
7533 642
7534 653
7535 639
7536 662
7537 689
7538 608
7539 625
7540 677
7541 656
7542 658
7543 657
7544 678
7545 653
7546 700
7547 683
7548 698
7549 668
7550 676
7551 675
7552 654
7553 656
7554 660
7555 663
7556 626
7557 648
7558 710
7559 687
7560 647
7561 643
7562 670
7563 628
7564 664
7565 654
7566 677
7567 680
7568 670
7569 695
7570 665
7571 665
7572 674
7573 691
7574 696
7575 678
7576 656
7577 620
7578 695
7579 674
7580 687
7581 620
7582 629
7583 666
7584 693
7585 656
7586 673
7587 645
7588 702
7589 696
7590 648
7591 661
7592 663
7593 664
7594 670
7595 664
7596 698
7597 651
7598 627
7599 669
7600 597
7601 679
7602 677
7603 609
7604 667
7605 708
7606 672
7607 678
7608 692
7609 713
7610 683
7611 661
7612 662
7613 653
7614 666
7615 663
7616 632
7617 688
7618 663
7619 681
7620 695
7621 707
7622 630
7623 649
7624 653
7625 713
7626 656
7627 644
7628 684
7629 690
7630 638
7631 686
7632 669
7633 636
7634 690
7635 658
7636 682
7637 667
7638 668
7639 644
7640 603
7641 708
7642 661
7643 613
7644 657
7645 733
7646 640
7647 676
7648 685
7649 640
7650 659
7651 683
7652 629
7653 624
7654 657
7655 656
7656 657
7657 639
7658 672
7659 651
7660 689
7661 629
7662 675
7663 716
7664 647
7665 605
7666 618
7667 623
7668 708
7669 692
7670 667
7671 675
7672 631
7673 681
7674 681
7675 635
7676 695
7677 661
7678 648
7679 702
7680 685
7681 637
7682 656
7683 664
7684 704
7685 682
7686 683
7687 673
7688 688
7689 674
7690 657
7691 652
7692 677
7693 639
7694 660
7695 645
7696 607
7697 677
7698 593
7699 693
7700 633
7701 669
7702 660
7703 667
7704 702
7705 660
7706 622
7707 639
7708 649
7709 724
7710 654
7711 645
7712 592
7713 697
7714 717
7715 684
7716 667
7717 613
7718 661
7719 637
7720 696
7721 684
7722 657
7723 688
7724 635
7725 676
7726 684
7727 674
7728 655
7729 685
7730 650
7731 658
7732 713
7733 681
7734 657
7735 688
7736 649
7737 668
7738 666
7739 623
7740 648
7741 666
7742 660
7743 701
7744 663
7745 670
7746 632
7747 742
7748 639
7749 654
7750 663
7751 662
7752 661
7753 613
7754 660
7755 719
7756 665
7757 674
7758 664
7759 681
7760 671
7761 680
7762 664
7763 668
7764 704
7765 668
7766 640
7767 672
7768 651
7769 686
7770 683
7771 627
7772 661
7773 649
7774 702
7775 672
7776 639
7777 706
7778 655
7779 651
7780 688
7781 654
7782 686
7783 736
7784 692
7785 688
7786 691
7787 593
7788 641
7789 633
7790 647
7791 724
7792 669
7793 662
7794 703
7795 656
7796 648
7797 688
7798 675
7799 681
7800 609
7801 597
7802 685
7803 674
7804 640
7805 668
7806 703
7807 697
7808 638
7809 678
7810 700
7811 660
7812 631
7813 672
7814 676
7815 632
7816 680
7817 664
7818 652
7819 663
7820 639
7821 636
7822 629
7823 691
7824 703
7825 673
7826 735
7827 625
7828 649
7829 707
7830 625
7831 702
7832 617
7833 666
7834 631
7835 631
7836 624
7837 643
7838 657
7839 643
7840 639
7841 647
7842 682
7843 639
7844 646
7845 622
7846 644
7847 641
7848 654
7849 643
7850 641
7851 644
7852 655
7853 626
7854 685
7855 605
7856 666
7857 655
7858 680
7859 643
7860 685
7861 692
7862 677
7863 643
7864 695
7865 666
7866 709
7867 679
7868 641
7869 663
7870 652
7871 659
7872 662
7873 672
7874 674
7875 613
7876 677
7877 639
7878 621
7879 676
7880 660
7881 635
7882 666
7883 645
7884 678
7885 612
7886 684
7887 672
7888 678
7889 624
7890 664
7891 698
7892 655
7893 674
7894 603
7895 684
7896 647
7897 659
7898 662
7899 674
7900 650
7901 685
7902 709
7903 677
7904 665
7905 626
7906 643
7907 632
7908 650
7909 642
7910 694
7911 647
7912 683
7913 692
7914 717
7915 683
7916 690
7917 668
7918 695
7919 676
7920 618
7921 662
7922 669
7923 700
7924 707
7925 668
7926 677
7927 690
7928 699
7929 679
7930 686
7931 708
7932 703
7933 670
7934 646
7935 641
7936 677
7937 648
7938 627
7939 715
7940 647
7941 643
7942 682
7943 673
7944 665
7945 669
7946 649
7947 666
7948 665
7949 633
7950 673
7951 638
7952 646
7953 658
7954 655
7955 629
7956 681
7957 663
7958 656
7959 694
7960 677
7961 654
7962 650
7963 697
7964 636
7965 653
7966 661
7967 730
7968 604
7969 644
7970 717
7971 641
7972 657
7973 689
7974 662
7975 663
7976 662
7977 671
7978 691
7979 653
7980 634
7981 639
7982 624
7983 647
7984 666
7985 689
7986 671
7987 699
7988 718
7989 655
7990 598
7991 658
7992 651
7993 680
7994 651
7995 688
7996 640
7997 669
7998 676
7999 647
8000 680
8001 681
8002 698
8003 685
8004 640
8005 647
8006 645
8007 706
8008 664
8009 667
8010 643
8011 674
8012 627
8013 665
8014 669
8015 668
8016 692
8017 631
8018 661
8019 613
8020 650
8021 627
8022 658
8023 669
8024 628
8025 685
8026 658
8027 688
8028 677
8029 640
8030 667
8031 645
8032 674
8033 655
8034 598
8035 628
8036 632
8037 670
8038 679
8039 671
8040 681
8041 710
8042 674
8043 704
8044 656
8045 676
8046 654
8047 653
8048 731
8049 677
8050 690
8051 642
8052 648
8053 694
8054 673
8055 657
8056 627
8057 710
8058 655
8059 703
8060 682
8061 688
8062 641
8063 704
8064 726
8065 646
8066 669
8067 690
8068 697
8069 668
8070 683
8071 675
8072 671
8073 686
8074 673
8075 635
8076 650
8077 667
8078 681
8079 638
8080 697
8081 650
8082 646
8083 657
8084 660
8085 661
8086 630
8087 689
8088 701
8089 687
8090 702
8091 656
8092 688
8093 698
8094 690
8095 659
8096 658
8097 651
8098 657
8099 611
8100 668
8101 661
8102 673
8103 658
8104 651
8105 713
8106 682
8107 659
8108 658
8109 633
8110 698
8111 664
8112 629
8113 643
8114 615
8115 656
8116 651
8117 663
8118 679
8119 675
8120 675
8121 655
8122 664
8123 700
8124 632
8125 639
8126 656
8127 650
8128 703
8129 684
8130 651
8131 682
8132 651
8133 649
8134 661
8135 652
8136 660
8137 654
8138 651
8139 677
8140 662
8141 665
8142 641
8143 658
8144 661
8145 670
8146 712
8147 661
8148 625
8149 641
8150 661
8151 665
8152 660
8153 668
8154 697
8155 699
8156 673
8157 662
8158 637
8159 651
8160 699
8161 642
8162 624
8163 714
8164 671
8165 709
8166 672
8167 682
8168 630
8169 711
8170 648
8171 691
8172 642
8173 646
8174 641
8175 677
8176 720
8177 680
8178 657
8179 652
8180 685
8181 655
8182 649
8183 674
8184 685
8185 620
8186 623
8187 700
8188 667
8189 706
8190 677
8191 696
