0 2
1 3
2 3
3 4
4 3
5 2
6 2
7 1
8 1
9 1
10 0
11 0
12 1
13 1
14 3
15 2
16 2
17 2
18 2
19 6
20 4
21 4
22 3
23 0
24 3
25 0
26 4
27 4
28 2
29 1
30 3
31 1
32 3
33 1
34 2
35 3
36 3
37 3
38 4
39 2
40 1
41 3
42 4
43 3
44 1
45 3
46 1
47 1
48 2
49 4
50 5
51 3
52 3
53 4
54 0
55 1
56 2
57 5
58 6
59 8
60 3
61 4
62 4
63 2
64 3
65 4
66 5
67 5
68 2
69 5
70 2
71 2
72 4
73 3
74 2
75 1
76 2
77 4
78 2
79 3
80 3
81 4
82 0
83 2
84 3
85 2
86 3
87 2
88 0
89 3
90 5
91 2
92 0
93 2
94 4
95 3
96 2
97 2
98 4
99 0
100 2
101 4
102 3
103 5
104 0
105 3
106 3
107 2
108 4
109 2
110 2
111 3
112 3
113 2
114 3
115 2
116 3
117 2
118 6
119 1
120 0
121 2
122 2
123 5
124 2
125 2
126 2
127 1
128 3
129 1
130 2
131 4
132 1
133 3
134 3
135 3
136 4
137 1
138 3
139 2
140 4
141 5
142 6
143 1
144 2
145 2
146 1
147 3
148 3
149 1
150 4
151 1
152 1
153 6
154 2
155 0
156 4
157 5
158 4
159 4
160 2
161 2
162 2
163 3
164 2
165 1
166 1
167 4
168 3
169 5
170 4
171 2
172 3
173 1
174 2
175 2
176 2
177 3
178 5
179 1
180 5
181 0
182 2
183 1
184 5
185 3
186 3
187 1
188 2
189 2
190 3
191 1
192 2
193 1
194 3
195 1
196 3
197 2
198 3
199 4
200 2
201 0
202 5
203 1
204 2
205 0
206 2
207 1
208 3
209 3
210 2
211 3
212 1
213 2
214 2
215 1
216 0
217 3
218 3
219 0
220 2
221 2
222 3
223 2
224 1
225 1
226 2
227 2
228 1
229 6
230 1
231 2
232 0
233 2
234 0
235 4
236 3
237 5
238 3
239 2
240 2
241 5
242 2
243 1
244 4
245 3
246 5
247 2
248 3
249 2
250 2
251 2
252 2
253 1
254 5
255 2
256 3
257 2
258 0
259 2
260 3
261 2
262 3
263 3
264 4
265 3
266 1
267 4
268 2
269 2
270 2
271 1
272 4
273 2
274 1
275 3
276 3
277 0
278 2
279 0
280 4
281 0
282 3
283 2
284 2
285 4
286 3
287 2
288 1
289 0
290 4
291 0
292 2
293 4
294 7
295 2
296 5
297 1
298 3
299 2
300 1
301 6
302 4
303 2
304 1
305 3
306 4
307 8
308 6
309 2
310 1
311 2
312 0
313 5
314 2
315 2
316 3
317 2
318 0
319 3
320 3
321 3
322 4
323 2
324 3
325 1
326 6
327 5
328 5
329 0
330 4
331 2
332 3
333 3
334 3
335 4
336 0
337 0
338 4
339 1
340 4
341 2
342 4
343 3
344 3
345 2
346 4
347 0
348 3
349 3
350 4
351 6
352 4
353 1
354 7
355 2
356 3
357 2
358 0
359 1
360 6
361 3
362 6
363 3
364 0
365 2
366 2
367 3
368 1
369 1
370 4
371 4
372 1
373 1
374 3
375 2
376 8
377 2
378 1
379 3
380 0
381 4
382 2
383 2
384 0
385 2
386 1
387 3
388 2
389 0
390 4
391 3
392 4
393 6
394 6
395 2
396 1
397 5
398 2
399 1
400 2
401 0
402 2
403 5
404 6
405 4
406 3
407 4
408 3
409 0
410 1
411 2
412 4
413 2
414 2
415 2
416 1
417 3
418 2
419 2
420 2
421 5
422 4
423 5
424 6
425 4
426 2
427 3
428 3
429 6
430 3
431 1
432 2
433 5
434 1
435 3
436 2
437 3
438 4
439 0
440 0
441 3
442 1
443 3
444 4
445 0
446 3
447 5
448 6
449 6
450 1
451 0
452 3
453 3
454 3
455 4
456 4
457 2
458 3
459 2
460 2
461 3
462 2
463 0
464 5
465 7
466 3
467 2
468 1
469 4
470 4
471 2
472 2
473 0
474 1
475 1
476 1
477 5
478 3
479 3
480 2
481 2
482 3
483 1
484 2
485 2
486 2
487 1
488 0
489 4
490 3
491 4
492 1
493 2
494 2
495 1
496 6
497 3
498 2
499 2
500 3
501 5
502 1
503 4
504 2
505 1
506 1
507 1
508 2
509 2
510 0
511 5
512 1
513 2
514 3
515 6
516 1
517 3
518 1
519 1
520 6
521 1
522 2
523 2
524 2
525 2
526 3
527 5
528 1
529 4
530 3
531 4
532 3
533 0
534 7
535 4
536 4
537 1
538 1
539 3
540 3
541 2
542 6
543 1
544 2
545 3
546 4
547 5
548 3
549 2
550 5
551 0
552 2
553 2
554 2
555 5
556 2
557 1
558 2
559 1
560 3
561 1
562 4
563 1
564 5
565 2
566 3
567 3
568 4
569 5
570 3
571 6
572 1
573 4
574 3
575 4
576 3
577 1
578 2
579 3
580 1
581 2
582 7
583 8
584 1
585 5
586 4
587 2
588 2
589 2
590 5
591 2
592 1
593 3
594 7
595 6
596 2
597 1
598 2
599 3
600 4
601 3
602 3
603 1
604 1
605 1
606 2
607 1
608 1
609 3
610 0
611 4
612 1
613 3
614 8
615 1
616 2
617 3
618 4
619 2
620 2
621 0
622 7
623 0
624 7
625 3
626 1
627 6
628 2
629 5
630 0
631 3
632 1
633 0
634 6
635 3
636 3
637 2
638 4
639 0
640 3
641 4
642 3
643 2
644 2
645 3
646 3
647 2
648 0
649 6
650 6
651 1
652 8
653 1
654 4
655 3
656 4
657 3
658 3
659 1
660 3
661 2
662 4
663 3
664 0
665 1
666 5
667 2
668 2
669 0
670 3
671 1
672 0
673 2
674 7
675 2
676 1
677 0
678 0
679 1
680 3
681 6
682 0
683 3
684 2
685 4
686 5
687 2
688 7
689 4
690 4
691 4
692 7
693 4
694 3
695 3
696 5
697 3
698 0
699 4
700 3
701 4
702 6
703 0
704 2
705 3
706 2
707 3
708 3
709 0
710 4
711 2
712 3
713 5
714 1
715 2
716 1
717 2
718 1
719 3
720 3
721 4
722 4
723 1
724 7
725 4
726 0
727 1
728 1
729 2
730 7
731 2
732 2
733 2
734 1
735 4
736 3
737 1
738 2
739 4
740 4
741 2
742 2
743 4
744 1
745 3
746 1
747 0
748 3
749 3
750 6
751 3
752 0
753 2
754 4
755 1
756 2
757 8
758 3
759 4
760 2
761 2
762 2
763 3
764 1
765 1
766 3
767 0
768 0
769 2
770 1
771 7
772 0
773 3
774 4
775 3
776 5
777 6
778 3
779 2
780 1
781 2
782 0
783 2
784 2
785 2
786 1
787 4
788 5
789 1
790 1
791 5
792 2
793 3
794 2
795 3
796 3
797 0
798 2
799 7
800 4
801 1
802 5
803 3
804 3
805 3
806 2
807 3
808 2
809 2
810 3
811 4
812 4
813 2
814 2
815 0
816 1
817 2
818 2
819 1
820 0
821 2
822 2
823 3
824 5
825 2
826 0
827 2
828 6
829 2
830 2
831 1
832 2
833 5
834 2
835 2
836 0
837 0
838 4
839 3
840 0
841 0
842 2
843 3
844 3
845 3
846 2
847 3
848 0
849 6
850 6
851 2
852 3
853 5
854 3
855 4
856 1
857 5
858 3
859 3
860 1
861 2
862 3
863 3
864 2
865 0
866 4
867 1
868 4
869 2
870 2
871 4
872 5
873 2
874 3
875 5
876 0
877 0
878 3
879 3
880 4
881 2
882 4
883 5
884 1
885 2
886 3
887 0
888 2
889 2
890 6
891 7
892 5
893 2
894 1
895 3
896 4
897 2
898 2
899 3
900 3
901 2
902 6
903 3
904 3
905 2
906 1
907 1
908 2
909 5
910 4
911 6
912 3
913 3
914 2
915 1
916 2
917 2
918 2
919 3
920 4
921 2
922 1
923 3
924 0
925 5
926 5
927 1
928 2
929 4
930 1
931 4
932 1
933 5
934 2
935 2
936 5
937 2
938 8
939 4
940 3
941 1
942 4
943 6
944 2
945 4
946 2
947 3
948 5
949 0
950 5
951 2
952 2
953 4
954 3
955 1
956 4
957 5
958 2
959 3
960 1
961 2
962 4
963 3
964 1
965 4
966 2
967 4
968 5
969 5
970 0
971 2
972 0
973 2
974 6
975 1
976 1
977 2
978 7
979 4
980 2
981 1
982 4
983 2
984 4
985 3
986 2
987 3
988 3
989 1
990 10
991 1
992 1
993 1
994 3
995 3
996 4
997 2
998 2
999 4
1000 3
1001 2
1002 2
1003 1
1004 5
1005 3
1006 5
1007 3
1008 3
1009 6
1010 2
1011 3
1012 0
1013 6
1014 4
1015 3
1016 3
1017 2
1018 2
1019 5
1020 0
1021 1
1022 1
1023 4
1024 4
1025 3
1026 3
1027 5
1028 0
1029 6
1030 2
1031 4
1032 4
1033 4
1034 2
1035 3
1036 7
1037 2
1038 0
1039 2
1040 6
1041 2
1042 4
1043 4
1044 2
1045 4
1046 5
1047 2
1048 0
1049 0
1050 3
1051 0
1052 3
1053 4
1054 3
1055 3
1056 4
1057 2
1058 3
1059 2
1060 1
1061 4
1062 2
1063 3
1064 2
1065 5
1066 7
1067 5
1068 2
1069 2
1070 0
1071 1
1072 4
1073 3
1074 2
1075 3
1076 4
1077 4
1078 3
1079 4
1080 1
1081 7
1082 2
1083 4
1084 4
1085 4
1086 2
1087 4
1088 2
1089 1
1090 6
1091 4
1092 2
1093 2
1094 1
1095 1
1096 2
1097 6
1098 1
1099 2
1100 3
1101 4
1102 3
1103 1
1104 1
1105 6
1106 3
1107 0
1108 3
1109 4
1110 1
1111 6
1112 2
1113 1
1114 1
1115 1
1116 3
1117 1
1118 3
1119 1
1120 3
1121 3
1122 2
1123 2
1124 5
1125 2
1126 3
1127 3
1128 0
1129 3
1130 0
1131 3
1132 3
1133 2
1134 2
1135 3
1136 2
1137 0
1138 0
1139 2
1140 0
1141 2
1142 6
1143 2
1144 3
1145 2
1146 6
1147 4
1148 1
1149 2
1150 4
1151 2
1152 6
1153 4
1154 3
1155 4
1156 7
1157 2
1158 2
1159 2
1160 0
1161 3
1162 5
1163 4
1164 3
1165 4
1166 1
1167 3
1168 2
1169 4
1170 4
1171 3
1172 4
1173 4
1174 3
1175 4
1176 1
1177 1
1178 3
1179 3
1180 4
1181 1
1182 4
1183 2
1184 0
1185 1
1186 2
1187 2
1188 2
1189 4
1190 3
1191 3
1192 3
1193 0
1194 4
1195 2
1196 2
1197 0
1198 6
1199 4
1200 2
1201 4
1202 4
1203 3
1204 4
1205 4
1206 1
1207 1
1208 1
1209 1
1210 2
1211 4
1212 1
1213 5
1214 4
1215 0
1216 1
1217 0
1218 0
1219 1
1220 4
1221 3
1222 3
1223 5
1224 2
1225 0
1226 5
1227 1
1228 0
1229 2
1230 6
1231 1
1232 6
1233 2
1234 4
1235 2
1236 4
1237 4
1238 1
1239 4
1240 2
1241 4
1242 1
1243 3
1244 4
1245 4
1246 3
1247 2
1248 1
1249 3
1250 5
1251 4
1252 1
1253 3
1254 2
1255 1
1256 2
1257 4
1258 3
1259 1
1260 6
1261 5
1262 1
1263 2
1264 0
1265 2
1266 2
1267 3
1268 5
1269 3
1270 3
1271 4
1272 3
1273 2
1274 3
1275 2
1276 4
1277 4
1278 2
1279 3
1280 3
1281 1
1282 2
1283 7
1284 6
1285 3
1286 0
1287 1
1288 1
1289 1
1290 2
1291 2
1292 4
1293 0
1294 0
1295 2
1296 5
1297 1
1298 3
1299 3
1300 2
1301 4
1302 2
1303 0
1304 4
1305 3
1306 3
1307 3
1308 4
1309 3
1310 5
1311 3
1312 1
1313 5
1314 2
1315 4
1316 5
1317 2
1318 2
1319 4
1320 2
1321 2
1322 6
1323 0
1324 7
1325 0
1326 4
1327 3
1328 1
1329 1
1330 2
1331 3
1332 1
1333 2
1334 4
1335 4
1336 7
1337 5
1338 5
1339 5
1340 3
1341 1
1342 2
1343 3
1344 2
1345 5
1346 5
1347 1
1348 0
1349 4
1350 6
1351 2
1352 1
1353 4
1354 3
1355 3
1356 2
1357 1
1358 2
1359 4
1360 4
1361 3
1362 3
1363 6
1364 0
1365 3
1366 5
1367 1
1368 5
1369 1
1370 2
1371 1
1372 4
1373 4
1374 7
1375 1
1376 2
1377 1
1378 3
1379 5
1380 6
1381 1
1382 1
1383 2
1384 2
1385 2
1386 5
1387 2
1388 1
1389 6
1390 3
1391 1
1392 2
1393 2
1394 7
1395 4
1396 5
1397 3
1398 1
1399 3
1400 3
1401 2
1402 1
1403 4
1404 3
1405 4
1406 6
1407 1
1408 5
1409 3
1410 6
1411 0
1412 5
1413 1
1414 4
1415 4
1416 2
1417 4
1418 5
1419 6
1420 1
1421 2
1422 0
1423 1
1424 4
1425 3
1426 3
1427 3
1428 2
1429 2
1430 4
1431 3
1432 4
1433 4
1434 4
1435 3
1436 3
1437 6
1438 2
1439 2
1440 2
1441 1
1442 2
1443 4
1444 1
1445 3
1446 1
1447 1
1448 1
1449 4
1450 1
1451 2
1452 6
1453 4
1454 2
1455 3
1456 5
1457 3
1458 4
1459 1
1460 2
1461 6
1462 3
1463 5
1464 2
1465 2
1466 3
1467 5
1468 4
1469 4
1470 2
1471 2
1472 1
1473 1
1474 2
1475 3
1476 2
1477 8
1478 3
1479 2
1480 4
1481 1
1482 1
1483 7
1484 4
1485 3
1486 3
1487 3
1488 4
1489 5
1490 2
1491 2
1492 0
1493 2
1494 2
1495 3
1496 4
1497 3
1498 5
1499 1
1500 6
1501 3
1502 0
1503 3
1504 3
1505 3
1506 1
1507 4
1508 1
1509 6
1510 4
1511 2
1512 2
1513 2
1514 5
1515 5
1516 2
1517 0
1518 3
1519 5
1520 2
1521 3
1522 3
1523 3
1524 1
1525 2
1526 1
1527 5
1528 3
1529 4
1530 1
1531 1
1532 2
1533 5
1534 2
1535 4
1536 1
1537 6
1538 3
1539 5
1540 4
1541 2
1542 1
1543 2
1544 5
1545 4
1546 7
1547 2
1548 1
1549 2
1550 3
1551 2
1552 0
1553 0
1554 2
1555 1
1556 2
1557 3
1558 4
1559 2
1560 3
1561 5
1562 6
1563 5
1564 4
1565 4
1566 7
1567 2
1568 2
1569 5
1570 2
1571 5
1572 2
1573 1
1574 1
1575 1
1576 6
1577 3
1578 5
1579 2
1580 2
1581 1
1582 3
1583 5
1584 3
1585 2
1586 2
1587 0
1588 3
1589 0
1590 0
1591 5
1592 1
1593 1
1594 3
1595 2
1596 3
1597 3
1598 1
1599 2
1600 4
1601 1
1602 8
1603 4
1604 3
1605 4
1606 3
1607 2
1608 2
1609 5
1610 1
1611 3
1612 7
1613 4
1614 4
1615 3
1616 1
1617 4
1618 2
1619 2
1620 3
1621 2
1622 3
1623 0
1624 4
1625 0
1626 1
1627 2
1628 4
1629 5
1630 0
1631 4
1632 5
1633 6
1634 4
1635 4
1636 4
1637 5
1638 3
1639 2
1640 2
1641 3
1642 3
1643 2
1644 1
1645 1
1646 3
1647 1
1648 3
1649 4
1650 2
1651 3
1652 5
1653 2
1654 5
1655 2
1656 2
1657 3
1658 5
1659 4
1660 0
1661 0
1662 4
1663 2
1664 1
1665 2
1666 1
1667 4
1668 4
1669 3
1670 3
1671 4
1672 4
1673 3
1674 1
1675 3
1676 1
1677 8
1678 2
1679 2
1680 0
1681 2
1682 3
1683 7
1684 1
1685 6
1686 0
1687 2
1688 3
1689 4
1690 1
1691 3
1692 1
1693 2
1694 3
1695 4
1696 2
1697 2
1698 0
1699 3
1700 5
1701 3
1702 3
1703 4
1704 1
1705 2
1706 4
1707 5
1708 3
1709 4
1710 3
1711 5
1712 1
1713 0
1714 1
1715 5
1716 3
1717 2
1718 3
1719 2
1720 3
1721 4
1722 3
1723 2
1724 1
1725 8
1726 4
1727 1
1728 0
1729 3
1730 4
1731 1
1732 5
1733 1
1734 3
1735 2
1736 5
1737 3
1738 3
1739 3
1740 5
1741 2
1742 7
1743 6
1744 3
1745 5
1746 3
1747 2
1748 4
1749 2
1750 5
1751 3
1752 0
1753 4
1754 4
1755 1
1756 2
1757 0
1758 1
1759 2
1760 4
1761 2
1762 1
1763 2
1764 2
1765 4
1766 0
1767 3
1768 1
1769 4
1770 4
1771 0
1772 2
1773 3
1774 1
1775 4
1776 5
1777 1
1778 4
1779 2
1780 1
1781 0
1782 2
1783 2
1784 4
1785 6
1786 2
1787 6
1788 3
1789 3
1790 3
1791 1
1792 3
1793 4
1794 2
1795 1
1796 9
1797 6
1798 3
1799 4
1800 3
1801 3
1802 3
1803 2
1804 3
1805 1
1806 2
1807 3
1808 4
1809 1
1810 1
1811 3
1812 2
1813 8
1814 5
1815 1
1816 1
1817 2
1818 1
1819 0
1820 6
1821 2
1822 5
1823 1
1824 3
1825 7
1826 3
1827 1
1828 3
1829 3
1830 2
1831 0
1832 5
1833 2
1834 0
1835 2
1836 4
1837 5
1838 4
1839 2
1840 3
1841 1
1842 2
1843 7
1844 3
1845 3
1846 3
1847 1
1848 1
1849 5
1850 0
1851 0
1852 1
1853 4
1854 1
1855 5
1856 3
1857 2
1858 1
1859 6
1860 3
1861 2
1862 3
1863 1
1864 1
1865 4
1866 0
1867 1
1868 3
1869 5
1870 5
1871 4
1872 1
1873 3
1874 0
1875 4
1876 3
1877 3
1878 4
1879 2
1880 4
1881 2
1882 2
1883 4
1884 2
1885 3
1886 1
1887 2
1888 2
1889 5
1890 5
1891 3
1892 4
1893 4
1894 3
1895 6
1896 2
1897 3
1898 1
1899 4
1900 1
1901 3
1902 3
1903 3
1904 5
1905 0
1906 6
1907 0
1908 2
1909 3
1910 4
1911 1
1912 4
1913 3
1914 2
1915 3
1916 4
1917 1
1918 2
1919 3
1920 6
1921 3
1922 5
1923 3
1924 3
1925 2
1926 0
1927 3
1928 3
1929 3
1930 2
1931 5
1932 2
1933 3
1934 6
1935 2
1936 5
1937 3
1938 1
1939 5
1940 5
1941 4
1942 2
1943 1
1944 3
1945 2
1946 2
1947 5
1948 6
1949 1
1950 7
1951 2
1952 3
1953 4
1954 1
1955 4
1956 2
1957 5
1958 4
1959 5
1960 3
1961 5
1962 6
1963 3
1964 3
1965 3
1966 1
1967 0
1968 2
1969 2
1970 2
1971 3
1972 2
1973 2
1974 2
1975 6
1976 5
1977 6
1978 4
1979 6
1980 2
1981 3
1982 6
1983 6
1984 3
1985 3
1986 5
1987 5
1988 1
1989 2
1990 3
1991 2
1992 2
1993 1
1994 3
1995 2
1996 2
1997 2
1998 7
1999 2
2000 3
2001 2
2002 5
2003 0
2004 3
2005 5
2006 1
2007 2
2008 3
2009 2
2010 5
2011 2
2012 2
2013 2
2014 3
2015 4
2016 4
2017 2
2018 3
2019 4
2020 1
2021 2
2022 2
2023 7
2024 1
2025 5
2026 3
2027 2
2028 3
2029 3
2030 3
2031 2
2032 1
2033 3
2034 4
2035 3
2036 4
2037 2
2038 1
2039 2
2040 5
2041 5
2042 3
2043 5
2044 0
2045 4
2046 1
2047 2
2048 1
2049 1
2050 6
2051 3
2052 1
2053 4
2054 3
2055 2
2056 1
2057 3
2058 3
2059 1
2060 2
2061 1
2062 2
2063 8
2064 2
2065 1
2066 2
2067 5
2068 1
2069 4
2070 4
2071 3
2072 1
2073 4
2074 1
2075 1
2076 7
2077 1
2078 1
2079 4
2080 2
2081 6
2082 5
2083 5
2084 5
2085 2
2086 4
2087 3
2088 1
2089 5
2090 6
2091 2
2092 3
2093 5
2094 2
2095 2
2096 6
2097 4
2098 5
2099 2
2100 2
2101 4
2102 1
2103 4
2104 1
2105 2
2106 5
2107 5
2108 1
2109 6
2110 4
2111 5
2112 1
2113 8
2114 0
2115 4
2116 7
2117 3
2118 3
2119 5
2120 8
2121 1
2122 1
2123 1
2124 3
2125 2
2126 4
2127 6
2128 3
2129 6
2130 2
2131 3
2132 1
2133 5
2134 2
2135 1
2136 2
2137 3
2138 3
2139 7
2140 3
2141 2
2142 1
2143 4
2144 4
2145 3
2146 6
2147 3
2148 1
2149 7
2150 1
2151 0
2152 2
2153 5
2154 5
2155 4
2156 4
2157 1
2158 2
2159 3
2160 4
2161 1
2162 6
2163 2
2164 3
2165 4
2166 3
2167 2
2168 1
2169 2
2170 7
2171 0
2172 7
2173 2
2174 0
2175 2
2176 3
2177 4
2178 1
2179 3
2180 5
2181 3
2182 5
2183 4
2184 0
2185 3
2186 1
2187 2
2188 4
2189 3
2190 0
2191 4
2192 0
2193 3
2194 2
2195 0
2196 5
2197 5
2198 2
2199 2
2200 3
2201 1
2202 1
2203 1
2204 6
2205 1
2206 4
2207 5
2208 4
2209 5
2210 3
2211 4
2212 3
2213 3
2214 3
2215 4
2216 2
2217 2
2218 2
2219 3
2220 2
2221 2
2222 3
2223 4
2224 8
2225 4
2226 1
2227 5
2228 1
2229 4
2230 3
2231 1
2232 3
2233 7
2234 3
2235 2
2236 4
2237 6
2238 4
2239 3
2240 3
2241 2
2242 5
2243 3
2244 5
2245 2
2246 1
2247 0
2248 2
2249 4
2250 2
2251 0
2252 4
2253 7
2254 6
2255 2
2256 3
2257 2
2258 3
2259 1
2260 6
2261 1
2262 4
2263 4
2264 2
2265 7
2266 3
2267 1
2268 4
2269 3
2270 3
2271 3
2272 1
2273 2
2274 3
2275 1
2276 4
2277 5
2278 3
2279 4
2280 2
2281 4
2282 5
2283 7
2284 2
2285 4
2286 3
2287 0
2288 1
2289 2
2290 3
2291 3
2292 1
2293 3
2294 7
2295 4
2296 3
2297 3
2298 2
2299 0
2300 0
2301 2
2302 0
2303 4
2304 3
2305 2
2306 0
2307 2
2308 2
2309 5
2310 6
2311 1
2312 3
2313 2
2314 5
2315 2
2316 2
2317 2
2318 4
2319 5
2320 3
2321 3
2322 3
2323 3
2324 5
2325 1
2326 3
2327 1
2328 4
2329 1
2330 5
2331 3
2332 4
2333 4
2334 4
2335 3
2336 4
2337 3
2338 1
2339 1
2340 0
2341 7
2342 4
2343 4
2344 2
2345 4
2346 7
2347 5
2348 4
2349 1
2350 2
2351 0
2352 5
2353 3
2354 4
2355 3
2356 3
2357 2
2358 2
2359 2
2360 5
2361 2
2362 3
2363 1
2364 3
2365 6
2366 4
2367 4
2368 4
2369 3
2370 2
2371 2
2372 1
2373 1
2374 3
2375 5
2376 2
2377 0
2378 4
2379 5
2380 6
2381 5
2382 5
2383 4
2384 2
2385 3
2386 3
2387 3
2388 2
2389 1
2390 5
2391 5
2392 2
2393 6
2394 6
2395 3
2396 6
2397 2
2398 4
2399 7
2400 2
2401 2
2402 4
2403 2
2404 4
2405 4
2406 4
2407 4
2408 4
2409 4
2410 5
2411 3
2412 6
2413 3
2414 5
2415 3
2416 3
2417 3
2418 3
2419 2
2420 3
2421 2
2422 3
2423 2
2424 3
2425 2
2426 2
2427 3
2428 1
2429 5
2430 7
2431 1
2432 3
2433 3
2434 1
2435 4
2436 3
2437 5
2438 4
2439 3
2440 4
2441 5
2442 6
2443 5
2444 3
2445 4
2446 1
2447 1
2448 5
2449 0
2450 1
2451 4
2452 3
2453 3
2454 1
2455 3
2456 4
2457 2
2458 0
2459 5
2460 0
2461 6
2462 3
2463 2
2464 6
2465 5
2466 3
2467 5
2468 1
2469 1
2470 2
2471 1
2472 2
2473 1
2474 1
2475 4
2476 2
2477 1
2478 4
2479 2
2480 1
2481 5
2482 2
2483 4
2484 3
2485 7
2486 3
2487 3
2488 3
2489 9
2490 4
2491 5
2492 2
2493 2
2494 1
2495 3
2496 3
2497 3
2498 4
2499 3
2500 4
2501 5
2502 2
2503 3
2504 3
2505 3
2506 4
2507 6
2508 5
2509 3
2510 1
2511 2
2512 3
2513 3
2514 5
2515 2
2516 2
2517 0
2518 3
2519 3
2520 3
2521 1
2522 3
2523 5
2524 5
2525 5
2526 6
2527 5
2528 1
2529 2
2530 3
2531 2
2532 7
2533 0
2534 2
2535 1
2536 1
2537 4
2538 5
2539 6
2540 3
2541 3
2542 2
2543 3
2544 3
2545 2
2546 8
2547 1
2548 5
2549 4
2550 3
2551 2
2552 4
2553 4
2554 4
2555 2
2556 2
2557 5
2558 4
2559 4
2560 2
2561 0
2562 2
2563 2
2564 7
2565 2
2566 5
2567 1
2568 1
2569 3
2570 4
2571 2
2572 6
2573 3
2574 2
2575 5
2576 3
2577 2
2578 1
2579 4
2580 1
2581 7
2582 1
2583 4
2584 6
2585 2
2586 3
2587 6
2588 2
2589 4
2590 7
2591 2
2592 1
2593 3
2594 4
2595 4
2596 1
2597 3
2598 5
2599 3
2600 3
2601 4
2602 1
2603 3
2604 2
2605 3
2606 3
2607 4
2608 1
2609 1
2610 2
2611 1
2612 3
2613 1
2614 3
2615 2
2616 5
2617 2
2618 1
2619 4
2620 1
2621 2
2622 6
2623 3
2624 3
2625 5
2626 1
2627 3
2628 4
2629 3
2630 2
2631 8
2632 5
2633 1
2634 4
2635 2
2636 1
2637 2
2638 4
2639 1
2640 1
2641 2
2642 2
2643 4
2644 5
2645 4
2646 4
2647 3
2648 3
2649 0
2650 1
2651 3
2652 1
2653 4
2654 2
2655 2
2656 2
2657 5
2658 3
2659 5
2660 1
2661 0
2662 10
2663 5
2664 3
2665 1
2666 2
2667 3
2668 3
2669 3
2670 3
2671 2
2672 3
2673 5
2674 2
2675 5
2676 1
2677 2
2678 3
2679 4
2680 2
2681 3
2682 4
2683 2
2684 4
2685 4
2686 2
2687 2
2688 1
2689 2
2690 3
2691 2
2692 5
2693 0
2694 1
2695 2
2696 7
2697 2
2698 2
2699 3
2700 1
2701 4
2702 2
2703 7
2704 2
2705 3
2706 4
2707 3
2708 2
2709 4
2710 3
2711 3
2712 2
2713 5
2714 4
2715 1
2716 3
2717 0
2718 5
2719 4
2720 4
2721 6
2722 1
2723 5
2724 4
2725 2
2726 6
2727 2
2728 2
2729 3
2730 3
2731 3
2732 6
2733 0
2734 5
2735 2
2736 4
2737 7
2738 4
2739 4
2740 2
2741 3
2742 2
2743 3
2744 4
2745 3
2746 4
2747 4
2748 2
2749 3
2750 6
2751 3
2752 6
2753 5
2754 2
2755 3
2756 4
2757 2
2758 6
2759 5
2760 6
2761 6
2762 3
2763 0
2764 3
2765 6
2766 3
2767 1
2768 1
2769 1
2770 2
2771 2
2772 3
2773 2
2774 1
2775 3
2776 2
2777 1
2778 2
2779 5
2780 3
2781 4
2782 3
2783 1
2784 3
2785 3
2786 2
2787 5
2788 2
2789 4
2790 1
2791 3
2792 5
2793 1
2794 6
2795 2
2796 0
2797 1
2798 6
2799 4
2800 1
2801 4
2802 4
2803 0
2804 3
2805 2
2806 4
2807 4
2808 3
2809 3
2810 4
2811 2
2812 2
2813 1
2814 4
2815 5
2816 1
2817 2
2818 4
2819 2
2820 1
2821 1
2822 5
2823 2
2824 5
2825 1
2826 4
2827 6
2828 0
2829 3
2830 2
2831 1
2832 4
2833 0
2834 2
2835 3
2836 3
2837 4
2838 5
2839 3
2840 0
2841 3
2842 5
2843 3
2844 5
2845 1
2846 2
2847 3
2848 1
2849 2
2850 1
2851 4
2852 4
2853 2
2854 2
2855 0
2856 1
2857 0
2858 2
2859 5
2860 2
2861 4
2862 3
2863 4
2864 4
2865 2
2866 2
2867 3
2868 6
2869 2
2870 3
2871 2
2872 3
2873 3
2874 3
2875 1
2876 5
2877 2
2878 4
2879 1
2880 3
2881 2
2882 4
2883 0
2884 0
2885 2
2886 2
2887 3
2888 5
2889 0
2890 2
2891 1
2892 2
2893 3
2894 1
2895 2
2896 2
2897 0
2898 2
2899 2
2900 4
2901 4
2902 2
2903 3
2904 5
2905 3
2906 2
2907 1
2908 4
2909 5
2910 4
2911 2
2912 3
2913 1
2914 3
2915 4
2916 5
2917 7
2918 4
2919 1
2920 6
2921 7
2922 1
2923 2
2924 6
2925 3
2926 6
2927 5
2928 5
2929 6
2930 4
2931 5
2932 3
2933 1
2934 1
2935 3
2936 2
2937 0
2938 2
2939 2
2940 1
2941 6
2942 5
2943 3
2944 4
2945 6
2946 2
2947 6
2948 1
2949 4
2950 5
2951 2
2952 4
2953 1
2954 3
2955 5
2956 1
2957 1
2958 5
2959 5
2960 3
2961 5
2962 1
2963 3
2964 2
2965 4
2966 2
2967 4
2968 4
2969 8
2970 8
2971 4
2972 2
2973 4
2974 8
2975 3
2976 6
2977 0
2978 1
2979 5
2980 2
2981 4
2982 3
2983 5
2984 1
2985 1
2986 2
2987 4
2988 6
2989 2
2990 5
2991 2
2992 4
2993 4
2994 2
2995 3
2996 1
2997 4
2998 6
2999 2
3000 6
3001 2
3002 4
3003 3
3004 7
3005 1
3006 1
3007 3
3008 6
3009 4
3010 3
3011 1
3012 4
3013 3
3014 1
3015 4
3016 3
3017 2
3018 4
3019 5
3020 4
3021 6
3022 2
3023 4
3024 4
3025 6
3026 1
3027 2
3028 5
3029 5
3030 3
3031 2
3032 1
3033 1
3034 2
3035 4
3036 4
3037 3
3038 5
3039 3
3040 4
3041 1
3042 1
3043 3
3044 5
3045 4
3046 3
3047 3
3048 1
3049 2
3050 0
3051 2
3052 3
3053 3
3054 3
3055 2
3056 2
3057 2
3058 3
3059 2
3060 3
3061 3
3062 2
3063 2
3064 5
3065 1
3066 3
3067 4
3068 1
3069 1
3070 3
3071 4
3072 4
3073 5
3074 1
3075 1
3076 3
3077 0
3078 0
3079 1
3080 2
3081 1
3082 4
3083 3
3084 4
3085 6
3086 9
3087 3
3088 4
3089 2
3090 5
3091 5
3092 2
3093 3
3094 3
3095 2
3096 4
3097 2
3098 1
3099 3
3100 0
3101 3
3102 2
3103 2
3104 4
3105 5
3106 3
3107 4
3108 4
3109 3
3110 3
3111 5
3112 1
3113 7
3114 5
3115 3
3116 4
3117 3
3118 2
3119 4
3120 1
3121 5
3122 3
3123 4
3124 4
3125 6
3126 8
3127 2
3128 1
3129 2
3130 1
3131 4
3132 5
3133 4
3134 7
3135 2
3136 1
3137 1
3138 3
3139 3
3140 4
3141 3
3142 2
3143 2
3144 1
3145 3
3146 3
3147 1
3148 3
3149 5
3150 5
3151 1
3152 4
3153 2
3154 1
3155 3
3156 4
3157 1
3158 1
3159 3
3160 3
3161 3
3162 5
3163 1
3164 4
3165 4
3166 6
3167 4
3168 2
3169 3
3170 6
3171 3
3172 3
3173 2
3174 0
3175 1
3176 3
3177 6
3178 0
3179 4
3180 2
3181 1
3182 2
3183 6
3184 2
3185 2
3186 2
3187 6
3188 5
3189 6
3190 3
3191 6
3192 4
3193 3
3194 8
3195 4
3196 4
3197 2
3198 2
3199 1
3200 2
3201 2
3202 1
3203 2
3204 3
3205 2
3206 4
3207 4
3208 6
3209 3
3210 1
3211 1
3212 4
3213 4
3214 4
3215 2
3216 1
3217 2
3218 2
3219 2
3220 5
3221 0
3222 2
3223 4
3224 1
3225 4
3226 3
3227 4
3228 2
3229 4
3230 1
3231 3
3232 2
3233 4
3234 2
3235 2
3236 3
3237 4
3238 1
3239 4
3240 4
3241 3
3242 3
3243 5
3244 4
3245 3
3246 4
3247 4
3248 3
3249 2
3250 1
3251 0
3252 8
3253 7
3254 3
3255 1
3256 5
3257 0
3258 1
3259 3
3260 5
3261 3
3262 2
3263 1
3264 3
3265 4
3266 4
3267 5
3268 2
3269 5
3270 3
3271 6
3272 5
3273 4
3274 1
3275 6
3276 1
3277 2
3278 7
3279 2
3280 3
3281 5
3282 5
3283 4
3284 4
3285 4
3286 3
3287 3
3288 3
3289 2
3290 1
3291 4
3292 5
3293 5
3294 2
3295 3
3296 3
3297 3
3298 2
3299 0
3300 2
3301 3
3302 3
3303 4
3304 3
3305 2
3306 4
3307 1
3308 1
3309 5
3310 2
3311 3
3312 2
3313 5
3314 3
3315 3
3316 4
3317 4
3318 8
3319 3
3320 2
3321 2
3322 4
3323 2
3324 1
3325 5
3326 4
3327 4
3328 2
3329 3
3330 1
3331 1
3332 2
3333 0
3334 3
3335 3
3336 4
3337 2
3338 2
3339 4
3340 6
3341 2
3342 2
3343 6
3344 2
3345 5
3346 1
3347 3
3348 6
3349 3
3350 1
3351 6
3352 2
3353 2
3354 3
3355 4
3356 3
3357 3
3358 4
3359 1
3360 2
3361 3
3362 1
3363 6
3364 1
3365 2
3366 5
3367 1
3368 1
3369 1
3370 4
3371 4
3372 2
3373 5
3374 5
3375 2
3376 1
3377 2
3378 6
3379 1
3380 1
3381 2
3382 5
3383 1
3384 1
3385 3
3386 0
3387 1
3388 6
3389 4
3390 2
3391 3
3392 2
3393 3
3394 3
3395 2
3396 2
3397 3
3398 4
3399 5
3400 3
3401 2
3402 3
3403 6
3404 1
3405 2
3406 3
3407 4
3408 2
3409 1
3410 0
3411 3
3412 1
3413 0
3414 5
3415 3
3416 2
3417 2
3418 5
3419 1
3420 1
3421 4
3422 3
3423 3
3424 2
3425 1
3426 3
3427 3
3428 5
3429 2
3430 1
3431 1
3432 5
3433 3
3434 3
3435 2
3436 5
3437 1
3438 3
3439 6
3440 6
3441 4
3442 2
3443 5
3444 3
3445 3
3446 1
3447 4
3448 2
3449 3
3450 3
3451 3
3452 7
3453 2
3454 3
3455 4
3456 2
3457 2
3458 4
3459 3
3460 5
3461 2
3462 3
3463 1
3464 1
3465 5
3466 8
3467 1
3468 4
3469 0
3470 1
3471 1
3472 4
3473 2
3474 7
3475 3
3476 4
3477 1
3478 2
3479 5
3480 1
3481 1
3482 2
3483 1
3484 3
3485 1
3486 4
3487 4
3488 2
3489 3
3490 2
3491 3
3492 8
3493 3
3494 2
3495 5
3496 3
3497 6
3498 3
3499 5
3500 1
3501 1
3502 4
3503 3
3504 5
3505 3
3506 2
3507 0
3508 2
3509 7
3510 5
3511 2
3512 2
3513 7
3514 3
3515 2
3516 0
3517 4
3518 3
3519 3
3520 3
3521 4
3522 2
3523 2
3524 1
3525 6
3526 4
3527 5
3528 3
3529 3
3530 4
3531 1
3532 3
3533 0
3534 1
3535 1
3536 1
3537 4
3538 3
3539 6
3540 2
3541 2
3542 5
3543 1
3544 4
3545 2
3546 1
3547 4
3548 2
3549 3
3550 3
3551 1
3552 6
3553 2
3554 5
3555 4
3556 5
3557 3
3558 5
3559 2
3560 3
3561 7
3562 4
3563 2
3564 4
3565 4
3566 2
3567 3
3568 1
3569 2
3570 1
3571 5
3572 5
3573 0
3574 3
3575 1
3576 0
3577 6
3578 4
3579 1
3580 0
3581 2
3582 1
3583 3
3584 4
3585 7
3586 4
3587 2
3588 4
3589 6
3590 3
3591 1
3592 0
3593 5
3594 4
3595 4
3596 3
3597 2
3598 1
3599 5
3600 2
3601 2
3602 4
3603 2
3604 4
3605 3
3606 1
3607 2
3608 0
3609 2
3610 3
3611 2
3612 4
3613 6
3614 5
3615 3
3616 8
3617 4
3618 1
3619 1
3620 2
3621 2
3622 3
3623 2
3624 0
3625 0
3626 2
3627 3
3628 3
3629 4
3630 7
3631 2
3632 1
3633 1
3634 4
3635 3
3636 8
3637 5
3638 3
3639 4
3640 7
3641 3
3642 4
3643 2
3644 1
3645 3
3646 3
3647 1
3648 5
3649 5
3650 3
3651 3
3652 3
3653 1
3654 2
3655 2
3656 2
3657 2
3658 4
3659 3
3660 2
3661 3
3662 7
3663 2
3664 4
3665 2
3666 3
3667 4
3668 5
3669 5
3670 0
3671 0
3672 2
3673 3
3674 5
3675 2
3676 2
3677 1
3678 2
3679 5
3680 3
3681 4
3682 1
3683 2
3684 2
3685 2
3686 3
3687 1
3688 2
3689 2
3690 3
3691 4
3692 0
3693 5
3694 3
3695 5
3696 0
3697 3
3698 1
3699 5
3700 4
3701 0
3702 4
3703 4
3704 4
3705 4
3706 2
3707 2
3708 0
3709 0
3710 2
3711 6
3712 5
3713 2
3714 0
3715 1
3716 3
3717 2
3718 5
3719 7
3720 3
3721 4
3722 3
3723 6
3724 4
3725 0
3726 3
3727 1
3728 3
3729 2
3730 1
3731 4
3732 3
3733 5
3734 2
3735 4
3736 2
3737 1
3738 1
3739 6
3740 6
3741 5
3742 4
3743 4
3744 4
3745 2
3746 2
3747 1
3748 1
3749 3
3750 0
3751 1
3752 5
3753 2
3754 3
3755 3
3756 5
3757 3
3758 7
3759 4
3760 2
3761 6
3762 3
3763 4
3764 4
3765 3
3766 3
3767 1
3768 2
3769 3
3770 2
3771 1
3772 2
3773 1
3774 2
3775 4
3776 0
3777 1
3778 2
3779 5
3780 2
3781 3
3782 2
3783 4
3784 5
3785 4
3786 5
3787 3
3788 7
3789 0
3790 1
3791 4
3792 3
3793 2
3794 1
3795 4
3796 6
3797 3
3798 4
3799 3
3800 3
3801 1
3802 1
3803 7
3804 3
3805 3
3806 3
3807 2
3808 4
3809 0
3810 4
3811 3
3812 2
3813 4
3814 2
3815 2
3816 4
3817 4
3818 2
3819 3
3820 3
3821 5
3822 4
3823 5
3824 3
3825 3
3826 1
3827 3
3828 2
3829 4
3830 2
3831 2
3832 2
3833 3
3834 2
3835 4
3836 1
3837 2
3838 4
3839 2
3840 3
3841 4
3842 3
3843 2
3844 3
3845 3
3846 3
3847 5
3848 4
3849 2
3850 2
3851 6
3852 1
3853 2
3854 2
3855 4
3856 7
3857 2
3858 0
3859 5
3860 1
3861 4
3862 4
3863 5
3864 4
3865 3
3866 6
3867 5
3868 2
3869 1
3870 1
3871 1
3872 0
3873 5
3874 6
3875 4
3876 4
3877 4
3878 4
3879 4
3880 4
3881 3
3882 7
3883 3
3884 2
3885 2
3886 4
3887 2
3888 2
3889 2
3890 2
3891 2
3892 1
3893 2
3894 2
3895 3
3896 5
3897 3
3898 2
3899 3
3900 2
3901 3
3902 0
3903 4
3904 4
3905 1
3906 5
3907 8
3908 2
3909 3
3910 5
3911 2
3912 5
3913 1
3914 4
3915 3
3916 2
3917 4
3918 0
3919 1
3920 1
3921 5
3922 2
3923 3
3924 3
3925 3
3926 1
3927 3
3928 1
3929 2
3930 7
3931 6
3932 4
3933 1
3934 5
3935 4
3936 8
3937 1
3938 2
3939 5
3940 2
3941 4
3942 3
3943 0
3944 2
3945 2
3946 2
3947 0
3948 3
3949 3
3950 2
3951 4
3952 2
3953 0
3954 0
3955 6
3956 2
3957 4
3958 2
3959 3
3960 5
3961 3
3962 2
3963 2
3964 3
3965 2
3966 4
3967 2
3968 2
3969 1
3970 1
3971 6
3972 2
3973 1
3974 3
3975 4
3976 1
3977 5
3978 3
3979 1
3980 3
3981 7
3982 2
3983 4
3984 2
3985 7
3986 2
3987 4
3988 3
3989 4
3990 3
3991 2
3992 2
3993 1
3994 4
3995 1
3996 5
3997 1
3998 4
3999 4
4000 2
4001 3
4002 3
4003 3
4004 3
4005 1
4006 4
4007 2
4008 1
4009 5
4010 4
4011 1
4012 0
4013 6
4014 4
4015 1
4016 5
4017 1
4018 1
4019 2
4020 0
4021 3
4022 4
4023 2
4024 3
4025 5
4026 6
4027 3
4028 2
4029 2
4030 0
4031 4
4032 7
4033 2
4034 0
4035 4
4036 3
4037 7
4038 4
4039 4
4040 2
4041 3
4042 6
4043 3
4044 2
4045 1
4046 2
4047 4
4048 4
4049 4
4050 5
4051 1
4052 1
4053 5
4054 4
4055 1
4056 4
4057 2
4058 4
4059 4
4060 2
4061 5
4062 3
4063 1
4064 2
4065 2
4066 1
4067 2
4068 2
4069 1
4070 7
4071 5
4072 0
4073 7
4074 5
4075 9
4076 0
4077 2
4078 2
4079 2
4080 1
4081 1
4082 2
4083 3
4084 5
4085 3
4086 1
4087 3
4088 0
4089 5
4090 3
4091 3
4092 2
4093 4
4094 4
4095 3
4096 3
4097 4
4098 4
4099 1
4100 3
4101 4
4102 2
4103 0
4104 2
4105 1
4106 5
4107 0
4108 6
4109 3
4110 7
4111 2
4112 3
4113 5
4114 1
4115 3
4116 4
4117 2
4118 2
4119 1
4120 2
4121 10
4122 3
4123 2
4124 5
4125 3
4126 4
4127 4
4128 3
4129 4
4130 2
4131 3
4132 5
4133 5
4134 3
4135 2
4136 2
4137 6
4138 5
4139 2
4140 4
4141 3
4142 1
4143 5
4144 5
4145 3
4146 5
4147 6
4148 1
4149 2
4150 4
4151 5
4152 8
4153 2
4154 4
4155 4
4156 2
4157 3
4158 2
4159 3
4160 2
4161 4
4162 2
4163 4
4164 2
4165 5
4166 6
4167 1
4168 2
4169 3
4170 4
4171 1
4172 6
4173 6
4174 2
4175 0
4176 1
4177 2
4178 2
4179 3
4180 0
4181 3
4182 5
4183 4
4184 7
4185 3
4186 3
4187 3
4188 3
4189 2
4190 5
4191 3
4192 4
4193 4
4194 2
4195 4
4196 4
4197 3
4198 0
4199 7
4200 5
4201 2
4202 3
4203 3
4204 4
4205 3
4206 4
4207 4
4208 0
4209 2
4210 5
4211 1
4212 7
4213 3
4214 2
4215 0
4216 2
4217 6
4218 2
4219 3
4220 0
4221 1
4222 4
4223 3
4224 3
4225 3
4226 2
4227 5
4228 0
4229 3
4230 1
4231 2
4232 0
4233 1
4234 2
4235 5
4236 2
4237 3
4238 5
4239 2
4240 2
4241 4
4242 5
4243 2
4244 3
4245 5
4246 2
4247 4
4248 3
4249 2
4250 3
4251 4
4252 0
4253 4
4254 2
4255 6
4256 3
4257 6
4258 6
4259 4
4260 3
4261 5
4262 4
4263 3
4264 4
4265 1
4266 3
4267 3
4268 2
4269 3
4270 4
4271 3
4272 3
4273 4
4274 2
4275 4
4276 0
4277 3
4278 3
4279 1
4280 7
4281 3
4282 6
4283 5
4284 2
4285 1
4286 1
4287 4
4288 3
4289 6
4290 2
4291 4
4292 5
4293 3
4294 4
4295 3
4296 2
4297 5
4298 4
4299 5
4300 4
4301 5
4302 1
4303 1
4304 2
4305 2
4306 7
4307 3
4308 4
4309 3
4310 6
4311 6
4312 1
4313 2
4314 8
4315 2
4316 3
4317 5
4318 2
4319 1
4320 1
4321 3
4322 3
4323 5
4324 5
4325 4
4326 4
4327 3
4328 4
4329 4
4330 1
4331 2
4332 3
4333 3
4334 3
4335 2
4336 4
4337 4
4338 5
4339 3
4340 3
4341 1
4342 7
4343 2
4344 6
4345 5
4346 6
4347 2
4348 3
4349 1
4350 2
4351 2
4352 2
4353 3
4354 2
4355 1
4356 4
4357 4
4358 5
4359 1
4360 5
4361 1
4362 2
4363 4
4364 0
4365 2
4366 2
4367 8
4368 2
4369 4
4370 5
4371 3
4372 4
4373 0
4374 3
4375 4
4376 4
4377 2
4378 5
4379 3
4380 4
4381 4
4382 5
4383 6
4384 4
4385 5
4386 4
4387 3
4388 1
4389 5
4390 1
4391 2
4392 3
4393 4
4394 2
4395 4
4396 0
4397 4
4398 3
4399 4
4400 4
4401 3
4402 4
4403 5
4404 0
4405 4
4406 2
4407 2
4408 1
4409 3
4410 3
4411 5
4412 5
4413 1
4414 5
4415 2
4416 1
4417 4
4418 1
4419 5
4420 1
4421 1
4422 4
4423 4
4424 2
4425 4
4426 3
4427 3
4428 3
4429 4
4430 2
4431 3
4432 3
4433 2
4434 2
4435 2
4436 4
4437 2
4438 3
4439 2
4440 2
4441 3
4442 4
4443 1
4444 3
4445 4
4446 2
4447 2
4448 3
4449 5
4450 2
4451 4
4452 6
4453 2
4454 2
4455 2
4456 3
4457 0
4458 2
4459 1
4460 1
4461 3
4462 2
4463 4
4464 3
4465 2
4466 3
4467 1
4468 4
4469 7
4470 1
4471 2
4472 3
4473 1
4474 4
4475 4
4476 6
4477 2
4478 3
4479 2
4480 4
4481 5
4482 4
4483 5
4484 2
4485 3
4486 2
4487 2
4488 1
4489 3
4490 3
4491 4
4492 3
4493 2
4494 4
4495 5
4496 2
4497 3
4498 3
4499 3
4500 5
4501 7
4502 3
4503 1
4504 1
4505 2
4506 4
4507 2
4508 1
4509 1
4510 0
4511 5
4512 5
4513 4
4514 2
4515 0
4516 5
4517 4
4518 4
4519 3
4520 6
4521 5
4522 5
4523 7
4524 4
4525 2
4526 1
4527 3
4528 3
4529 1
4530 5
4531 2
4532 6
4533 4
4534 3
4535 1
4536 4
4537 2
4538 4
4539 2
4540 3
4541 3
4542 1
4543 2
4544 2
4545 6
4546 1
4547 1
4548 3
4549 4
4550 2
4551 5
4552 3
4553 2
4554 2
4555 1
4556 0
4557 5
4558 1
4559 2
4560 7
4561 4
4562 2
4563 2
4564 2
4565 2
4566 4
4567 2
4568 4
4569 4
4570 1
4571 2
4572 4
4573 3
4574 3
4575 1
4576 2
4577 0
4578 1
4579 1
4580 3
4581 1
4582 8
4583 4
4584 2
4585 3
4586 3
4587 3
4588 5
4589 1
4590 0
4591 0
4592 5
4593 6
4594 3
4595 4
4596 1
4597 2
4598 4
4599 3
4600 0
4601 3
4602 1
4603 3
4604 2
4605 4
4606 3
4607 4
4608 3
4609 2
4610 2
4611 1
4612 1
4613 2
4614 3
4615 3
4616 2
4617 4
4618 1
4619 4
4620 3
4621 0
4622 6
4623 4
4624 3
4625 0
4626 8
4627 3
4628 1
4629 1
4630 2
4631 5
4632 4
4633 5
4634 2
4635 4
4636 2
4637 5
4638 1
4639 2
4640 3
4641 2
4642 5
4643 1
4644 4
4645 3
4646 6
4647 3
4648 3
4649 2
4650 7
4651 2
4652 4
4653 7
4654 5
4655 4
4656 4
4657 4
4658 5
4659 2
4660 2
4661 0
4662 2
4663 1
4664 4
4665 2
4666 1
4667 2
4668 2
4669 4
4670 2
4671 4
4672 1
4673 4
4674 0
4675 0
4676 3
4677 1
4678 2
4679 7
4680 2
4681 5
4682 2
4683 3
4684 4
4685 1
4686 1
4687 5
4688 3
4689 2
4690 3
4691 0
4692 5
4693 4
4694 2
4695 1
4696 6
4697 3
4698 6
4699 2
4700 5
4701 5
4702 5
4703 4
4704 7
4705 1
4706 4
4707 4
4708 3
4709 5
4710 0
4711 2
4712 2
4713 1
4714 2
4715 4
4716 3
4717 5
4718 7
4719 4
4720 4
4721 1
4722 4
4723 4
4724 4
4725 1
4726 2
4727 2
4728 2
4729 2
4730 4
4731 1
4732 6
4733 4
4734 4
4735 2
4736 10
4737 1
4738 4
4739 1
4740 2
4741 4
4742 6
4743 2
4744 3
4745 3
4746 5
4747 2
4748 2
4749 3
4750 4
4751 4
4752 4
4753 0
4754 1
4755 4
4756 1
4757 2
4758 5
4759 5
4760 4
4761 3
4762 2
4763 5
4764 2
4765 5
4766 3
4767 5
4768 3
4769 7
4770 3
4771 3
4772 5
4773 2
4774 7
4775 2
4776 3
4777 3
4778 4
4779 5
4780 3
4781 4
4782 2
4783 2
4784 2
4785 2
4786 3
4787 1
4788 4
4789 3
4790 5
4791 3
4792 2
4793 3
4794 0
4795 1
4796 7
4797 7
4798 1
4799 1
4800 3
4801 1
4802 2
4803 3
4804 6
4805 2
4806 1
4807 3
4808 2
4809 2
4810 3
4811 0
4812 4
4813 3
4814 2
4815 2
4816 6
4817 2
4818 3
4819 1
4820 1
4821 2
4822 4
4823 1
4824 5
4825 2
4826 2
4827 3
4828 0
4829 5
4830 3
4831 3
4832 3
4833 6
4834 2
4835 5
4836 5
4837 1
4838 4
4839 2
4840 5
4841 3
4842 2
4843 3
4844 2
4845 2
4846 3
4847 3
4848 4
4849 5
4850 4
4851 4
4852 2
4853 2
4854 9
4855 3
4856 4
4857 3
4858 3
4859 2
4860 3
4861 2
4862 5
4863 5
4864 4
4865 4
4866 6
4867 0
4868 4
4869 2
4870 2
4871 4
4872 5
4873 4
4874 2
4875 4
4876 4
4877 5
4878 3
4879 2
4880 4
4881 3
4882 4
4883 3
4884 3
4885 3
4886 1
4887 3
4888 1
4889 3
4890 4
4891 4
4892 6
4893 3
4894 0
4895 6
4896 6
4897 2
4898 4
4899 1
4900 3
4901 6
4902 1
4903 2
4904 2
4905 4
4906 4
4907 5
4908 3
4909 4
4910 4
4911 4
4912 5
4913 6
4914 2
4915 4
4916 1
4917 3
4918 4
4919 4
4920 3
4921 6
4922 0
4923 6
4924 2
4925 3
4926 2
4927 3
4928 8
4929 4
4930 0
4931 5
4932 2
4933 3
4934 0
4935 3
4936 0
4937 2
4938 1
4939 7
4940 5
4941 1
4942 1
4943 4
4944 1
4945 2
4946 5
4947 1
4948 2
4949 9
4950 3
4951 5
4952 4
4953 3
4954 4
4955 6
4956 2
4957 2
4958 4
4959 1
4960 5
4961 3
4962 3
4963 4
4964 3
4965 6
4966 3
4967 2
4968 7
4969 3
4970 2
4971 4
4972 3
4973 3
4974 0
4975 3
4976 3
4977 3
4978 4
4979 4
4980 3
4981 4
4982 2
4983 3
4984 4
4985 6
4986 1
4987 7
4988 4
4989 1
4990 3
4991 2
4992 0
4993 3
4994 4
4995 1
4996 6
4997 2
4998 2
4999 4
5000 1
5001 1
5002 4
5003 6
5004 6
5005 4
5006 5
5007 7
5008 2
5009 1
5010 2
5011 5
5012 4
5013 3
5014 2
5015 2
5016 4
5017 1
5018 3
5019 3
5020 4
5021 4
5022 3
5023 4
5024 1
5025 3
5026 0
5027 3
5028 6
5029 1
5030 4
5031 4
5032 0
5033 3
5034 3
5035 3
5036 6
5037 2
5038 6
5039 2
5040 2
5041 7
5042 4
5043 5
5044 2
5045 6
5046 0
5047 4
5048 6
5049 4
5050 4
5051 0
5052 5
5053 3
5054 1
5055 5
5056 5
5057 5
5058 0
5059 4
5060 1
5061 3
5062 3
5063 4
5064 2
5065 3
5066 3
5067 1
5068 8
5069 1
5070 4
5071 4
5072 3
5073 7
5074 3
5075 2
5076 4
5077 3
5078 4
5079 1
5080 6
5081 4
5082 7
5083 3
5084 3
5085 5
5086 5
5087 5
5088 2
5089 3
5090 4
5091 2
5092 4
5093 3
5094 2
5095 5
5096 3
5097 1
5098 4
5099 2
5100 4
5101 2
5102 1
5103 1
5104 2
5105 5
5106 1
5107 3
5108 4
5109 5
5110 3
5111 5
5112 2
5113 3
5114 5
5115 1
5116 4
5117 5
5118 3
5119 1
5120 4
5121 3
5122 2
5123 4
5124 3
5125 3
5126 2
5127 4
5128 2
5129 2
5130 2
5131 0
5132 2
5133 2
5134 5
5135 3
5136 2
5137 3
5138 3
5139 5
5140 6
5141 3
5142 3
5143 3
5144 2
5145 9
5146 2
5147 2
5148 3
5149 6
5150 1
5151 5
5152 3
5153 4
5154 3
5155 3
5156 2
5157 5
5158 3
5159 4
5160 2
5161 3
5162 2
5163 1
5164 2
5165 3
5166 2
5167 1
5168 2
5169 4
5170 3
5171 1
5172 4
5173 3
5174 4
5175 3
5176 3
5177 2
5178 2
5179 3
5180 1
5181 4
5182 2
5183 1
5184 3
5185 1
5186 4
5187 1
5188 3
5189 4
5190 4
5191 4
5192 3
5193 3
5194 3
5195 3
5196 4
5197 4
5198 4
5199 3
5200 5
5201 2
5202 4
5203 5
5204 7
5205 3
5206 2
5207 5
5208 3
5209 2
5210 1
5211 4
5212 6
5213 1
5214 3
5215 5
5216 4
5217 2
5218 1
5219 4
5220 3
5221 3
5222 4
5223 1
5224 2
5225 3
5226 1
5227 2
5228 2
5229 7
5230 4
5231 2
5232 3
5233 3
5234 3
5235 3
5236 2
5237 2
5238 3
5239 4
5240 2
5241 3
5242 2
5243 3
5244 5
5245 2
5246 7
5247 2
5248 2
5249 1
5250 3
5251 7
5252 4
5253 2
5254 1
5255 1
5256 3
5257 4
5258 4
5259 7
5260 3
5261 5
5262 2
5263 2
5264 8
5265 1
5266 3
5267 4
5268 3
5269 1
5270 2
5271 2
5272 2
5273 1
5274 3
5275 3
5276 2
5277 3
5278 4
5279 0
5280 1
5281 2
5282 4
5283 2
5284 4
5285 4
5286 3
5287 10
5288 1
5289 5
5290 2
5291 2
5292 3
5293 6
5294 3
5295 2
5296 5
5297 3
5298 1
5299 2
5300 6
5301 6
5302 2
5303 5
5304 3
5305 0
5306 5
5307 4
5308 7
5309 5
5310 3
5311 2
5312 2
5313 2
5314 5
5315 3
5316 3
5317 1
5318 1
5319 4
5320 6
5321 2
5322 2
5323 2
5324 2
5325 3
5326 2
5327 10
5328 3
5329 1
5330 2
5331 1
5332 5
5333 1
5334 2
5335 3
5336 3
5337 2
5338 5
5339 5
5340 3
5341 3
5342 3
5343 5
5344 3
5345 6
5346 3
5347 2
5348 2
5349 2
5350 5
5351 5
5352 2
5353 4
5354 4
5355 2
5356 5
5357 2
5358 2
5359 3
5360 5
5361 5
5362 1
5363 3
5364 1
5365 3
5366 0
5367 4
5368 0
5369 6
5370 3
5371 1
5372 3
5373 1
5374 3
5375 0
5376 3
5377 1
5378 1
5379 2
5380 0
5381 3
5382 1
5383 5
5384 1
5385 2
5386 5
5387 3
5388 7
5389 3
5390 1
5391 5
5392 3
5393 4
5394 1
5395 2
5396 2
5397 3
5398 3
5399 5
5400 5
5401 1
5402 3
5403 1
5404 6
5405 3
5406 4
5407 2
5408 6
5409 5
5410 2
5411 4
5412 7
5413 4
5414 3
5415 3
5416 1
5417 3
5418 3
5419 4
5420 4
5421 5
5422 0
5423 9
5424 3
5425 4
5426 3
5427 2
5428 0
5429 2
5430 3
5431 4
5432 3
5433 7
5434 3
5435 2
5436 5
5437 1
5438 3
5439 3
5440 2
5441 3
5442 2
5443 2
5444 2
5445 3
5446 2
5447 3
5448 3
5449 1
5450 2
5451 4
5452 3
5453 3
5454 1
5455 1
5456 3
5457 8
5458 1
5459 2
5460 0
5461 5
5462 2
5463 2
5464 2
5465 5
5466 7
5467 7
5468 3
5469 2
5470 1
5471 3
5472 3
5473 5
5474 3
5475 2
5476 4
5477 6
5478 3
5479 1
5480 4
5481 3
5482 3
5483 2
5484 2
5485 0
5486 3
5487 2
5488 3
5489 2
5490 5
5491 2
5492 3
5493 0
5494 2
5495 3
5496 0
5497 4
5498 3
5499 3
5500 5
5501 5
5502 4
5503 1
5504 0
5505 4
5506 3
5507 5
5508 1
5509 3
5510 4
5511 3
5512 2
5513 1
5514 2
5515 8
5516 4
5517 4
5518 2
5519 4
5520 1
5521 2
5522 0
5523 4
5524 3
5525 4
5526 1
5527 2
5528 4
5529 4
5530 1
5531 1
5532 3
5533 1
5534 3
5535 3
5536 2
5537 2
5538 5
5539 7
5540 3
5541 3
5542 1
5543 5
5544 3
5545 4
5546 3
5547 5
5548 3
5549 2
5550 5
5551 2
5552 3
5553 3
5554 4
5555 2
5556 2
5557 6
5558 3
5559 8
5560 3
5561 2
5562 1
5563 3
5564 2
5565 2
5566 5
5567 2
5568 5
5569 7
5570 3
5571 5
5572 4
5573 3
5574 4
5575 1
5576 3
5577 1
5578 2
5579 5
5580 3
5581 4
5582 2
5583 0
5584 4
5585 2
5586 1
5587 2
5588 3
5589 2
5590 4
5591 4
5592 2
5593 7
5594 3
5595 6
5596 1
5597 5
5598 6
5599 5
5600 2
5601 2
5602 3
5603 2
5604 4
5605 7
5606 4
5607 4
5608 4
5609 2
5610 1
5611 3
5612 1
5613 2
5614 5
5615 4
5616 2
5617 5
5618 2
5619 3
5620 1
5621 4
5622 4
5623 1
5624 4
5625 5
5626 4
5627 6
5628 9
5629 1
5630 3
5631 4
5632 2
5633 3
5634 4
5635 1
5636 3
5637 5
5638 1
5639 3
5640 2
5641 3
5642 2
5643 2
5644 0
5645 2
5646 5
5647 4
5648 5
5649 2
5650 1
5651 7
5652 1
5653 4
5654 1
5655 4
5656 3
5657 3
5658 5
5659 2
5660 5
5661 2
5662 3
5663 6
5664 3
5665 1
5666 1
5667 2
5668 0
5669 7
5670 1
5671 5
5672 4
5673 4
5674 3
5675 1
5676 1
5677 0
5678 4
5679 4
5680 2
5681 4
5682 4
5683 7
5684 0
5685 4
5686 2
5687 5
5688 2
5689 1
5690 3
5691 2
5692 2
5693 3
5694 9
5695 4
5696 1
5697 3
5698 3
5699 1
5700 3
5701 3
5702 3
5703 1
5704 5
5705 5
5706 4
5707 2
5708 2
5709 5
5710 1
5711 1
5712 2
5713 6
5714 3
5715 4
5716 2
5717 3
5718 2
5719 2
5720 7
5721 5
5722 7
5723 3
5724 3
5725 5
5726 3
5727 3
5728 3
5729 1
5730 4
5731 0
5732 2
5733 4
5734 5
5735 4
5736 4
5737 3
5738 3
5739 3
5740 0
5741 4
5742 1
5743 1
5744 2
5745 7
5746 3
5747 2
5748 1
5749 3
5750 2
5751 1
5752 3
5753 2
5754 5
5755 3
5756 3
5757 5
5758 2
5759 3
5760 4
5761 1
5762 3
5763 0
5764 6
5765 3
5766 5
5767 2
5768 1
5769 0
5770 3
5771 3
5772 2
5773 4
5774 5
5775 6
5776 1
5777 3
5778 4
5779 4
5780 4
5781 6
5782 2
5783 2
5784 5
5785 4
5786 1
5787 3
5788 4
5789 5
5790 7
5791 5
5792 3
5793 4
5794 1
5795 5
5796 3
5797 5
5798 5
5799 5
5800 3
5801 3
5802 3
5803 6
5804 3
5805 2
5806 5
5807 5
5808 2
5809 1
5810 5
5811 3
5812 2
5813 4
5814 2
5815 6
5816 2
5817 1
5818 2
5819 4
5820 2
5821 6
5822 0
5823 2
5824 3
5825 4
5826 4
5827 3
5828 5
5829 4
5830 2
5831 3
5832 4
5833 5
5834 3
5835 2
5836 3
5837 5
5838 4
5839 5
5840 0
5841 3
5842 2
5843 5
5844 0
5845 1
5846 4
5847 6
5848 2
5849 2
5850 6
5851 2
5852 1
5853 1
5854 2
5855 2
5856 1
5857 2
5858 4
5859 4
5860 2
5861 3
5862 2
5863 4
5864 6
5865 1
5866 0
5867 1
5868 5
5869 2
5870 3
5871 3
5872 2
5873 3
5874 4
5875 5
5876 3
5877 1
5878 2
5879 4
5880 1
5881 3
5882 4
5883 1
5884 2
5885 5
5886 2
5887 5
5888 3
5889 3
5890 1
5891 0
5892 3
5893 6
5894 5
5895 4
5896 1
5897 3
5898 1
5899 3
5900 1
5901 4
5902 4
5903 4
5904 2
5905 0
5906 5
5907 4
5908 3
5909 2
5910 4
5911 3
5912 4
5913 0
5914 3
5915 1
5916 1
5917 7
5918 3
5919 4
5920 3
5921 2
5922 2
5923 4
5924 5
5925 3
5926 4
5927 4
5928 4
5929 3
5930 4
5931 1
5932 2
5933 2
5934 1
5935 5
5936 2
5937 3
5938 1
5939 2
5940 4
5941 2
5942 7
5943 2
5944 4
5945 2
5946 3
5947 2
5948 1
5949 2
5950 4
5951 4
5952 1
5953 1
5954 4
5955 2
5956 3
5957 2
5958 3
5959 2
5960 4
5961 2
5962 3
5963 3
5964 2
5965 7
5966 1
5967 5
5968 2
5969 4
5970 2
5971 4
5972 1
5973 4
5974 5
5975 4
5976 2
5977 0
5978 6
5979 1
5980 5
5981 2
5982 2
5983 2
5984 3
5985 6
5986 2
5987 1
5988 4
5989 4
5990 2
5991 2
5992 5
5993 1
5994 5
5995 5
5996 2
5997 2
5998 4
5999 1
6000 3
6001 2
6002 4
6003 2
6004 4
6005 5
6006 2
6007 4
6008 3
6009 4
6010 2
6011 5
6012 3
6013 4
6014 3
6015 7
6016 3
6017 6
6018 6
6019 4
6020 6
6021 0
6022 4
6023 1
6024 3
6025 3
6026 0
6027 3
6028 5
6029 2
6030 3
6031 3
6032 5
6033 0
6034 3
6035 1
6036 2
6037 2
6038 4
6039 1
6040 1
6041 2
6042 4
6043 1
6044 3
6045 1
6046 2
6047 2
6048 5
6049 3
6050 3
6051 1
6052 5
6053 4
6054 6
6055 2
6056 6
6057 6
6058 2
6059 3
6060 2
6061 2
6062 3
6063 9
6064 1
6065 1
6066 2
6067 0
6068 1
6069 7
6070 3
6071 1
6072 3
6073 2
6074 1
6075 1
6076 1
6077 3
6078 1
6079 3
6080 4
6081 2
6082 5
6083 3
6084 5
6085 1
6086 3
6087 2
6088 4
6089 1
6090 7
6091 2
6092 4
6093 0
6094 3
6095 4
6096 3
6097 4
6098 3
6099 3
6100 1
6101 7
6102 3
6103 6
6104 3
6105 4
6106 0
6107 3
6108 4
6109 4
6110 2
6111 1
6112 3
6113 2
6114 3
6115 2
6116 1
6117 3
6118 3
6119 1
6120 3
6121 2
6122 1
6123 4
6124 3
6125 1
6126 4
6127 3
6128 2
6129 3
6130 3
6131 3
6132 2
6133 4
6134 2
6135 2
6136 4
6137 7
6138 6
6139 4
6140 3
6141 3
6142 5
6143 1
6144 1
6145 0
6146 3
6147 3
6148 1
6149 3
6150 4
6151 5
6152 1
6153 1
6154 5
6155 2
6156 1
6157 6
6158 4
6159 2
6160 5
6161 1
6162 3
6163 2
6164 4
6165 2
6166 6
6167 5
6168 5
6169 2
6170 5
6171 4
6172 3
6173 1
6174 6
6175 4
6176 3
6177 2
6178 4
6179 3
6180 5
6181 4
6182 5
6183 3
6184 2
6185 3
6186 6
6187 1
6188 2
6189 2
6190 2
6191 4
6192 3
6193 3
6194 2
6195 3
6196 5
6197 2
6198 1
6199 5
6200 1
6201 4
6202 3
6203 3
6204 9
6205 0
6206 4
6207 1
6208 3
6209 5
6210 2
6211 1
6212 3
6213 5
6214 5
6215 3
6216 5
6217 5
6218 4
6219 3
6220 2
6221 4
6222 4
6223 3
6224 2
6225 6
6226 2
6227 3
6228 2
6229 5
6230 3
6231 5
6232 4
6233 5
6234 2
6235 4
6236 5
6237 7
6238 5
6239 4
6240 4
6241 7
6242 3
6243 7
6244 3
6245 2
6246 4
6247 4
6248 4
6249 5
6250 2
6251 2
6252 3
6253 5
6254 2
6255 4
6256 2
6257 3
6258 3
6259 2
6260 0
6261 5
6262 2
6263 5
6264 5
6265 1
6266 5
6267 1
6268 4
6269 4
6270 4
6271 1
6272 3
6273 3
6274 0
6275 0
6276 7
6277 0
6278 3
6279 4
6280 2
6281 6
6282 3
6283 0
6284 3
6285 2
6286 3
6287 1
6288 2
6289 3
6290 1
6291 1
6292 4
6293 6
6294 6
6295 5
6296 4
6297 3
6298 2
6299 2
6300 3
6301 3
6302 3
6303 2
6304 1
6305 3
6306 4
6307 3
6308 4
6309 2
6310 7
6311 3
6312 2
6313 1
6314 5
6315 9
6316 3
6317 1
6318 1
6319 2
6320 2
6321 1
6322 2
6323 5
6324 9
6325 4
6326 3
6327 2
6328 3
6329 2
6330 1
6331 3
6332 7
6333 4
6334 5
6335 6
6336 3
6337 2
6338 3
6339 5
6340 2
6341 4
6342 2
6343 3
6344 1
6345 2
6346 2
6347 2
6348 4
6349 3
6350 2
6351 3
6352 1
6353 2
6354 3
6355 5
6356 1
6357 4
6358 0
6359 1
6360 4
6361 3
6362 2
6363 3
6364 1
6365 2
6366 2
6367 4
6368 3
6369 2
6370 3
6371 3
6372 2
6373 2
6374 0
6375 5
6376 3
6377 6
6378 2
6379 5
6380 3
6381 5
6382 2
6383 1
6384 3
6385 1
6386 2
6387 1
6388 2
6389 3
6390 3
6391 1
6392 2
6393 2
6394 3
6395 6
6396 6
6397 2
6398 2
6399 3
6400 2
6401 3
6402 2
6403 2
6404 8
6405 2
6406 2
6407 3
6408 7
6409 2
6410 1
6411 2
6412 1
6413 7
6414 1
6415 2
6416 1
6417 4
6418 5
6419 1
6420 4
6421 2
6422 1
6423 2
6424 3
6425 3
6426 6
6427 5
6428 3
6429 5
6430 6
6431 4
6432 1
6433 3
6434 5
6435 2
6436 1
6437 7
6438 0
6439 1
6440 6
6441 3
6442 5
6443 2
6444 3
6445 6
6446 1
6447 1
6448 3
6449 2
6450 4
6451 5
6452 1
6453 6
6454 1
6455 5
6456 5
6457 2
6458 4
6459 4
6460 4
6461 3
6462 1
6463 3
6464 4
6465 2
6466 3
6467 4
6468 5
6469 3
6470 3
6471 5
6472 4
6473 3
6474 4
6475 3
6476 6
6477 2
6478 3
6479 3
6480 1
6481 4
6482 1
6483 2
6484 5
6485 3
6486 3
6487 9
6488 0
6489 0
6490 2
6491 4
6492 6
6493 3
6494 1
6495 5
6496 3
6497 3
6498 5
6499 6
6500 3
6501 1
6502 3
6503 5
6504 3
6505 2
6506 5
6507 4
6508 5
6509 5
6510 2
6511 2
6512 3
6513 4
6514 0
6515 5
6516 4
6517 6
6518 4
6519 2
6520 6
6521 3
6522 3
6523 4
6524 2
6525 2
6526 1
6527 1
6528 2
6529 3
6530 4
6531 2
6532 4
6533 4
6534 1
6535 4
6536 0
6537 1
6538 2
6539 1
6540 4
6541 2
6542 3
6543 3
6544 1
6545 5
6546 6
6547 3
6548 2
6549 3
6550 1
6551 3
6552 2
6553 0
6554 2
6555 1
6556 2
6557 4
6558 1
6559 5
6560 3
6561 3
6562 7
6563 4
6564 5
6565 2
6566 4
6567 3
6568 3
6569 1
6570 4
6571 1
6572 2
6573 3
6574 4
6575 5
6576 3
6577 1
6578 4
6579 3
6580 1
6581 4
6582 5
6583 2
6584 3
6585 4
6586 2
6587 6
6588 3
6589 2
6590 1
6591 4
6592 5
6593 3
6594 0
6595 3
6596 5
6597 3
6598 2
6599 4
6600 4
6601 6
6602 3
6603 6
6604 4
6605 3
6606 3
6607 5
6608 6
6609 3
6610 3
6611 3
6612 2
6613 3
6614 3
6615 1
6616 0
6617 8
6618 1
6619 2
6620 5
6621 5
6622 4
6623 3
6624 5
6625 1
6626 6
6627 4
6628 4
6629 3
6630 3
6631 6
6632 6
6633 3
6634 3
6635 5
6636 5
6637 9
6638 3
6639 1
6640 4
6641 3
6642 1
6643 5
6644 3
6645 7
6646 4
6647 4
6648 6
6649 6
6650 5
6651 1
6652 4
6653 6
6654 2
6655 4
6656 1
6657 6
6658 1
6659 3
6660 1
6661 1
6662 5
6663 3
6664 2
6665 4
6666 4
6667 2
6668 2
6669 4
6670 1
6671 2
6672 6
6673 1
6674 4
6675 1
6676 2
6677 3
6678 3
6679 9
6680 2
6681 1
6682 5
6683 6
6684 1
6685 2
6686 6
6687 1
6688 1
6689 6
6690 1
6691 5
6692 5
6693 5
6694 4
6695 0
6696 3
6697 2
6698 5
6699 1
6700 2
6701 3
6702 4
6703 0
6704 4
6705 7
6706 1
6707 5
6708 2
6709 2
6710 2
6711 4
6712 1
6713 1
6714 4
6715 0
6716 5
6717 1
6718 2
6719 5
6720 6
6721 7
6722 1
6723 1
6724 2
6725 6
6726 3
6727 4
6728 2
6729 4
6730 0
6731 3
6732 7
6733 0
6734 4
6735 2
6736 2
6737 0
6738 2
6739 2
6740 5
6741 1
6742 2
6743 1
6744 4
6745 4
6746 3
6747 4
6748 5
6749 5
6750 5
6751 0
6752 7
6753 2
6754 5
6755 2
6756 4
6757 4
6758 3
6759 3
6760 6
6761 0
6762 5
6763 3
6764 4
6765 0
6766 4
6767 3
6768 4
6769 3
6770 3
6771 3
6772 4
6773 7
6774 1
6775 2
6776 1
6777 2
6778 2
6779 4
6780 4
6781 3
6782 3
6783 0
6784 0
6785 3
6786 3
6787 2
6788 4
6789 2
6790 3
6791 7
6792 5
6793 5
6794 3
6795 3
6796 5
6797 6
6798 3
6799 2
6800 2
6801 5
6802 3
6803 3
6804 1
6805 1
6806 2
6807 3
6808 2
6809 3
6810 4
6811 6
6812 5
6813 0
6814 2
6815 4
6816 1
6817 5
6818 3
6819 2
6820 4
6821 4
6822 2
6823 4
6824 5
6825 3
6826 4
6827 2
6828 3
6829 5
6830 2
6831 7
6832 2
6833 5
6834 2
6835 3
6836 5
6837 1
6838 4
6839 5
6840 3
6841 3
6842 1
6843 2
6844 1
6845 4
6846 1
6847 1
6848 2
6849 2
6850 3
6851 5
6852 1
6853 2
6854 1
6855 0
6856 1
6857 0
6858 6
6859 1
6860 6
6861 3
6862 2
6863 3
6864 6
6865 1
6866 5
6867 3
6868 1
6869 6
6870 4
6871 3
6872 4
6873 4
6874 5
6875 3
6876 5
6877 5
6878 3
6879 4
6880 2
6881 4
6882 3
6883 5
6884 1
6885 5
6886 6
6887 1
6888 2
6889 0
6890 3
6891 5
6892 3
6893 5
6894 3
6895 3
6896 4
6897 6
6898 3
6899 5
6900 3
6901 1
6902 3
6903 1
6904 1
6905 4
6906 6
6907 4
6908 7
6909 6
6910 1
6911 4
6912 2
6913 6
6914 2
6915 4
6916 3
6917 2
6918 2
6919 3
6920 5
6921 2
6922 2
6923 2
6924 3
6925 3
6926 5
6927 6
6928 2
6929 5
6930 6
6931 6
6932 4
6933 5
6934 1
6935 3
6936 1
6937 1
6938 2
6939 2
6940 1
6941 5
6942 3
6943 4
6944 2
6945 4
6946 1
6947 4
6948 4
6949 3
6950 2
6951 3
6952 1
6953 1
6954 3
6955 2
6956 3
6957 1
6958 6
6959 2
6960 1
6961 2
6962 3
6963 5
6964 2
6965 4
6966 3
6967 2
6968 4
6969 2
6970 3
6971 3
6972 2
6973 2
6974 2
6975 1
6976 4
6977 4
6978 5
6979 2
6980 2
6981 4
6982 3
6983 4
6984 3
6985 4
6986 3
6987 3
6988 4
6989 6
6990 2
6991 1
6992 4
6993 4
6994 3
6995 2
6996 2
6997 3
6998 3
6999 6
7000 3
7001 2
7002 0
7003 2
7004 1
7005 1
7006 5
7007 3
7008 3
7009 1
7010 5
7011 2
7012 4
7013 4
7014 5
7015 3
7016 3
7017 4
7018 3
7019 3
7020 3
7021 2
7022 5
7023 1
7024 2
7025 1
7026 2
7027 3
7028 3
7029 2
7030 4
7031 0
7032 2
7033 5
7034 3
7035 2
7036 2
7037 1
7038 3
7039 6
7040 5
7041 3
7042 3
7043 6
7044 4
7045 2
7046 5
7047 1
7048 3
7049 1
7050 0
7051 4
7052 1
7053 4
7054 2
7055 4
7056 3
7057 5
7058 2
7059 1
7060 5
7061 4
7062 1
7063 4
7064 1
7065 6
7066 6
7067 7
7068 5
7069 3
7070 2
7071 5
7072 3
7073 4
7074 4
7075 1
7076 3
7077 2
7078 4
7079 6
7080 0
7081 4
7082 4
7083 3
7084 1
7085 3
7086 3
7087 4
7088 4
7089 3
7090 2
7091 5
7092 6
7093 3
7094 3
7095 2
7096 1
7097 4
7098 3
7099 7
7100 5
7101 4
7102 2
7103 9
7104 3
7105 4
7106 3
7107 5
7108 5
7109 1
7110 3
7111 5
7112 4
7113 1
7114 4
7115 5
7116 4
7117 5
7118 4
7119 3
7120 5
7121 5
7122 4
7123 4
7124 0
7125 3
7126 2
7127 1
7128 4
7129 3
7130 1
7131 1
7132 2
7133 3
7134 4
7135 2
7136 1
7137 1
7138 2
7139 2
7140 0
7141 6
7142 6
7143 3
7144 4
7145 3
7146 5
7147 2
7148 5
7149 0
7150 3
7151 2
7152 2
7153 3
7154 1
7155 3
7156 3
7157 3
7158 2
7159 2
7160 3
7161 2
7162 1
7163 3
7164 4
7165 1
7166 2
7167 5
7168 6
7169 4
7170 2
7171 8
7172 3
7173 2
7174 2
7175 4
7176 2
7177 5
7178 2
7179 4
7180 7
7181 7
7182 2
7183 2
7184 5
7185 2
7186 4
7187 2
7188 3
7189 1
7190 3
7191 3
7192 3
7193 1
7194 0
7195 6
7196 3
7197 3
7198 1
7199 7
7200 4
7201 1
7202 0
7203 3
7204 3
7205 3
7206 1
7207 3
7208 4
7209 2
7210 1
7211 3
7212 3
7213 3
7214 2
7215 3
7216 2
7217 2
7218 0
7219 4
7220 7
7221 2
7222 2
7223 4
7224 4
7225 1
7226 6
7227 2
7228 3
7229 2
7230 3
7231 5
7232 5
7233 3
7234 3
7235 1
7236 3
7237 2
7238 6
7239 3
7240 2
7241 1
7242 2
7243 6
7244 1
7245 2
7246 3
7247 4
7248 2
7249 1
7250 4
7251 2
7252 4
7253 4
7254 1
7255 2
7256 2
7257 6
7258 3
7259 4
7260 4
7261 2
7262 4
7263 2
7264 6
7265 2
7266 5
7267 4
7268 2
7269 4
7270 4
7271 4
7272 4
7273 4
7274 5
7275 7
7276 5
7277 2
7278 3
7279 2
7280 2
7281 5
7282 5
7283 5
7284 0
7285 2
7286 6
7287 8
7288 3
7289 6
7290 3
7291 1
7292 6
7293 5
7294 6
7295 0
7296 5
7297 3
7298 2
7299 2
7300 5
7301 3
7302 4
7303 4
7304 4
7305 2
7306 2
7307 9
7308 3
7309 2
7310 2
7311 9
7312 1
7313 3
7314 6
7315 4
7316 0
7317 2
7318 3
7319 2
7320 4
7321 0
7322 3
7323 5
7324 2
7325 3
7326 3
7327 4
7328 3
7329 5
7330 4
7331 1
7332 4
7333 1
7334 3
7335 3
7336 1
7337 3
7338 5
7339 2
7340 6
7341 3
7342 3
7343 5
7344 1
7345 5
7346 2
7347 6
7348 3
7349 5
7350 1
7351 6
7352 3
7353 1
7354 0
7355 2
7356 1
7357 2
7358 3
7359 5
7360 4
7361 2
7362 2
7363 1
7364 1
7365 3
7366 7
7367 3
7368 1
7369 1
7370 2
7371 5
7372 2
7373 4
7374 1
7375 3
7376 3
7377 2
7378 2
7379 7
7380 3
7381 3
7382 1
7383 4
7384 1
7385 4
7386 4
7387 7
7388 5
7389 2
7390 1
7391 1
7392 4
7393 1
7394 4
7395 2
7396 5
7397 1
7398 0
7399 0
7400 3
7401 3
7402 1
7403 4
7404 1
7405 4
7406 2
7407 1
7408 2
7409 6
7410 5
7411 2
7412 1
7413 6
7414 1
7415 7
7416 2
7417 4
7418 4
7419 3
7420 1
7421 1
7422 1
7423 4
7424 4
7425 1
7426 6
7427 3
7428 3
7429 3
7430 1
7431 3
7432 2
7433 5
7434 5
7435 3
7436 5
7437 5
7438 6
7439 1
7440 3
7441 3
7442 4
7443 8
7444 2
7445 3
7446 1
7447 4
7448 3
7449 5
7450 1
7451 2
7452 1
7453 4
7454 5
7455 4
7456 2
7457 7
7458 4
7459 2
7460 1
7461 4
7462 5
7463 5
7464 1
7465 4
7466 4
7467 3
7468 1
7469 2
7470 1
7471 5
7472 3
7473 5
7474 4
7475 1
7476 2
7477 4
7478 2
7479 4
7480 2
7481 3
7482 2
7483 4
7484 1
7485 6
7486 7
7487 3
7488 3
7489 3
7490 2
7491 2
7492 4
7493 1
7494 2
7495 2
7496 3
7497 6
7498 3
7499 3
7500 2
7501 1
7502 3
7503 3
7504 3
7505 4
7506 7
7507 1
7508 0
7509 4
7510 6
7511 2
7512 7
7513 2
7514 4
7515 2
7516 2
7517 5
7518 2
7519 1
7520 1
7521 1
7522 2
7523 3
7524 2
7525 7
7526 3
7527 0
7528 4
7529 2
7530 6
7531 2
7532 4
7533 2
7534 4
7535 2
7536 5
7537 2
7538 4
7539 3
7540 4
7541 3
7542 5
7543 7
7544 4
7545 3
7546 5
7547 4
7548 3
7549 1
7550 4
7551 4
7552 0
7553 2
7554 2
7555 3
7556 2
7557 0
7558 2
7559 8
7560 2
7561 3
7562 3
7563 7
7564 0
7565 3
7566 4
7567 2
7568 2
7569 7
7570 4
7571 1
7572 3
7573 0
7574 2
7575 3
7576 1
7577 2
7578 4
7579 2
7580 2
7581 2
7582 2
7583 4
7584 3
7585 4
7586 5
7587 2
7588 2
7589 5
7590 5
7591 3
7592 5
7593 4
7594 3
7595 5
7596 2
7597 2
7598 6
7599 1
7600 1
7601 4
7602 2
7603 1
7604 5
7605 2
7606 5
7607 2
7608 1
7609 5
7610 1
7611 1
7612 2
7613 6
7614 3
7615 1
7616 2
7617 6
7618 2
7619 3
7620 6
7621 2
7622 1
7623 4
7624 0
7625 4
7626 3
7627 6
7628 0
7629 0
7630 1
7631 4
7632 3
7633 3
7634 1
7635 0
7636 5
7637 3
7638 4
7639 2
7640 3
7641 5
7642 2
7643 5
7644 3
7645 6
7646 4
7647 2
7648 3
7649 2
7650 1
7651 0
7652 4
7653 4
7654 3
7655 4
7656 2
7657 4
7658 3
7659 4
7660 2
7661 5
7662 6
7663 4
7664 3
7665 1
7666 2
7667 5
7668 4
7669 5
7670 3
7671 0
7672 2
7673 2
7674 2
7675 2
7676 3
7677 4
7678 5
7679 2
7680 4
7681 0
7682 2
7683 0
7684 7
7685 5
7686 4
7687 3
7688 3
7689 5
7690 2
7691 3
7692 2
7693 1
7694 3
7695 3
7696 4
7697 1
7698 3
7699 3
7700 1
7701 3
7702 2
7703 2
7704 3
7705 4
7706 2
7707 3
7708 3
7709 2
7710 2
7711 4
7712 1
7713 2
7714 4
7715 5
7716 3
7717 4
7718 3
7719 2
7720 1
7721 1
7722 3
7723 3
7724 4
7725 5
7726 2
7727 4
7728 2
7729 2
7730 4
7731 3
7732 9
7733 3
7734 5
7735 6
7736 2
7737 2
7738 2
7739 3
7740 3
7741 8
7742 3
7743 2
7744 0
7745 2
7746 7
7747 1
7748 3
7749 3
7750 8
7751 5
7752 3
7753 3
7754 1
7755 2
7756 2
7757 1
7758 2
7759 5
7760 3
7761 2
7762 5
7763 0
7764 2
7765 4
7766 3
7767 1
7768 5
7769 0
7770 2
7771 1
7772 6
7773 7
7774 3
7775 5
7776 2
7777 6
7778 1
7779 2
7780 1
7781 4
7782 3
7783 2
7784 3
7785 5
7786 2
7787 5
7788 2
7789 0
7790 1
7791 9
7792 3
7793 1
7794 4
7795 1
7796 2
7797 5
7798 3
7799 2
7800 3
7801 5
7802 1
7803 3
7804 6
7805 3
7806 4
7807 4
7808 3
7809 2
7810 3
7811 6
7812 2
7813 2
7814 3
7815 5
7816 1
7817 1
7818 5
7819 4
7820 1
7821 1
7822 3
7823 4
7824 2
7825 2
7826 3
7827 7
7828 7
7829 5
7830 2
7831 8
7832 6
7833 5
7834 1
7835 3
7836 1
7837 4
7838 6
7839 3
7840 4
7841 1
7842 6
7843 2
7844 3
7845 4
7846 3
7847 3
7848 6
7849 1
7850 4
7851 6
7852 2
7853 2
7854 8
7855 1
7856 7
7857 1
7858 1
7859 2
7860 2
7861 6
7862 3
7863 2
7864 0
7865 2
7866 7
7867 4
7868 1
7869 6
7870 2
7871 5
7872 2
7873 2
7874 2
7875 4
7876 1
7877 3
7878 4
7879 1
7880 2
7881 3
7882 3
7883 3
7884 5
7885 2
7886 6
7887 2
7888 5
7889 2
7890 3
7891 0
7892 2
7893 1
7894 4
7895 1
7896 3
7897 3
7898 2
7899 1
7900 2
7901 3
7902 1
7903 4
7904 5
7905 6
7906 3
7907 6
7908 2
7909 0
7910 6
7911 2
7912 6
7913 0
7914 4
7915 4
7916 3
7917 4
7918 2
7919 0
7920 3
7921 3
7922 3
7923 4
7924 3
7925 6
7926 1
7927 2
7928 2
7929 2
7930 2
7931 5
7932 4
7933 2
7934 5
7935 7
7936 1
7937 2
7938 1
7939 1
7940 4
7941 1
7942 2
7943 3
7944 3
7945 6
7946 2
7947 3
7948 2
7949 5
7950 4
7951 1
7952 4
7953 4
7954 2
7955 5
7956 2
7957 1
7958 4
7959 2
7960 2
7961 5
7962 3
7963 3
7964 4
7965 3
7966 3
7967 5
7968 6
7969 6
7970 2
7971 2
7972 2
7973 4
7974 4
7975 3
7976 1
7977 3
7978 4
7979 2
7980 5
7981 3
7982 3
7983 2
7984 2
7985 2
7986 5
7987 1
7988 5
7989 1
7990 3
7991 2
7992 5
7993 2
7994 2
7995 3
7996 7
7997 1
7998 4
7999 3
8000 5
8001 1
8002 5
8003 5
8004 6
8005 2
8006 1
8007 4
8008 3
8009 3
8010 2
8011 4
8012 2
8013 1
8014 4
8015 5
8016 3
8017 3
8018 3
8019 5
8020 6
8021 1
8022 4
8023 4
8024 2
8025 6
8026 2
8027 5
8028 8
8029 5
8030 2
8031 4
8032 2
8033 2
8034 4
8035 4
8036 2
8037 1
8038 3
8039 5
8040 2
8041 1
8042 3
8043 1
8044 7
8045 4
8046 1
8047 3
8048 4
8049 2
8050 3
8051 3
8052 1
8053 1
8054 3
8055 2
8056 4
8057 4
8058 4
8059 1
8060 0
8061 4
8062 5
8063 3
8064 2
8065 1
8066 4
8067 4
8068 4
8069 1
8070 0
8071 4
8072 2
8073 0
8074 5
8075 2
8076 3
8077 4
8078 6
8079 5
8080 2
8081 3
8082 4
8083 2
8084 2
8085 4
8086 4
8087 3
8088 1
8089 2
8090 1
8091 3
8092 4
8093 5
8094 3
8095 6
8096 4
8097 0
8098 2
8099 1
8100 2
8101 1
8102 2
8103 2
8104 6
8105 3
8106 4
8107 3
8108 4
8109 7
8110 5
8111 2
8112 3
8113 2
8114 4
8115 2
8116 2
8117 6
8118 4
8119 4
8120 4
8121 8
8122 0
8123 6
8124 3
8125 1
8126 5
8127 6
8128 6
8129 2
8130 6
8131 6
8132 2
8133 2
8134 2
8135 3
8136 2
8137 3
8138 4
8139 3
8140 2
8141 4
8142 3
8143 3
8144 3
8145 3
8146 3
8147 2
8148 5
8149 3
8150 6
8151 3
8152 1
8153 3
8154 7
8155 4
8156 3
8157 5
8158 5
8159 5
8160 3
8161 2
8162 4
8163 4
8164 2
8165 2
8166 3
8167 3
8168 2
8169 2
8170 3
8171 0
8172 0
8173 6
8174 2
8175 9
8176 5
8177 6
8178 2
8179 7
8180 2
8181 1
8182 4
8183 3
8184 3
8185 4
8186 3
8187 5
8188 5
8189 2
8190 3
8191 5
