! 12C energy loss (dE/dX) in Si
! apply ZOOM for details
Energy (MeV/u)1	0 - [He-base] F.Hubert et al, AD&ND Tables 46(1990)1	Energy (MeV/u)2	1 - [H -base] J.F.Ziegler et al,Pergamon Press,NY(low energy)	Energy (MeV/u)3	2 - ATIMA 1.2 LS-theory (recommended for high energy)	Energy (MeV/u)4	3 - ATIMA 1.2 without LS-correction	Energy (MeV/u)5	4 - ATIMA 1.4 H.Weick, improved mean charge formula for HI	Energy (MeV/u)6	5 - electrical component of [1] - J.F.Ziegler et al	Energy (MeV/u)7	6 - nuclear component of [1] - J.F.Ziegler et al	
0.001000	0.415006  	0.001000	0.229204  	0.001000	0.260555  	0.001000	0.260555  	0.001000	0.260571  	0.001000	0.129159  	0.001000	0.100045  	
0.002000	0.45344   	0.002000	0.250213  	0.002000	0.287293  	0.002000	0.287293  	0.002000	0.287304  	0.002000	0.167499  	0.002000	0.0827142 	
0.005000	0.549233  	0.005000	0.292077  	0.005000	0.337826  	0.005000	0.337826  	0.005000	0.337832  	0.005000	0.236178  	0.005000	0.0558992 	
0.008000	0.625182  	0.008000	0.325066  	0.008000	0.375704  	0.008000	0.375704  	0.008000	0.375708  	0.008000	0.281699  	0.008000	0.0433677 	
0.010000	0.668702  	0.010000	0.344329  	0.010000	0.397376  	0.010000	0.397376  	0.010000	0.39738   	0.010000	0.306285  	0.010000	0.038044  	
0.015000	0.779068  	0.015000	0.39678   	0.015000	0.451308  	0.015000	0.451308  	0.015000	0.451311  	0.015000	0.367239  	0.015000	0.0295418 	
0.020000	0.867244  	0.020000	0.483333  	0.020000	0.528447  	0.020000	0.528447  	0.020000	0.52845   	0.020000	0.458899  	0.020000	0.0244347 	
0.025000	0.964548  	0.025000	0.566838  	0.025000	0.60457   	0.025000	0.60457   	0.025000	0.604572  	0.025000	0.545858  	0.025000	0.0209801 	
0.030000	1.04702   	0.030000	0.646063  	0.030000	0.670328  	0.030000	0.670328  	0.030000	0.67033   	0.030000	0.627596  	0.030000	0.0184666 	
0.035000	1.11482   	0.035000	0.719943  	0.035000	0.731525  	0.035000	0.731525  	0.035000	0.731526  	0.035000	0.703549  	0.035000	0.0163938 	
0.040000	1.16826   	0.040000	0.788197  	0.040000	0.788446  	0.040000	0.788446  	0.040000	0.788448  	0.040000	0.77331   	0.040000	0.0148874 	
0.045000	1.2079    	0.045000	0.850327  	0.045000	0.840946  	0.045000	0.840946  	0.045000	0.840947  	0.045000	0.836668  	0.045000	0.0136589 	
0.050000	1.23455   	0.050000	0.906247  	0.050000	0.889103  	0.050000	0.889103  	0.050000	0.889105  	0.050000	0.893611  	0.050000	0.0126357 	
0.055000	1.28831   	0.055000	0.956065  	0.055000	0.933048  	0.055000	0.933048  	0.055000	0.933049  	0.055000	0.944296  	0.055000	0.0117688 	
0.060000	1.3341    	0.060000	1.00004   	0.060000	0.972946  	0.060000	0.972946  	0.060000	0.972948  	0.060000	0.989014  	0.060000	0.011024  	
0.070000	1.40405   	0.070000	1.07198   	0.070000	1.04142   	0.070000	1.04142   	0.070000	1.04143   	0.070000	1.06217   	0.070000	0.00980723	
0.080000	1.47911   	0.080000	1.1256    	0.080000	1.09635   	0.080000	1.09635   	0.080000	1.09635   	0.080000	1.11675   	0.080000	0.00885277	
0.090000	1.53807   	0.090000	1.16519   	0.090000	1.13967   	0.090000	1.13967   	0.090000	1.13967   	0.090000	1.15711   	0.090000	0.00808196	
0.100000	1.58536   	0.100000	1.1954    	0.100000	1.17328   	0.100000	1.17328   	0.100000	1.17328   	0.100000	1.18796   	0.100000	0.00744511	
0.120000	1.61409   	0.120000	1.23183   	0.120000	1.2181    	0.120000	1.2181    	0.120000	1.2181    	0.120000	1.22538   	0.120000	0.00645134	
0.140000	1.62551   	0.140000	1.2489    	0.140000	1.24212   	0.140000	1.24212   	0.140000	1.24212   	0.140000	1.24319   	0.140000	0.00570879	
0.160000	1.62955   	0.160000	1.25466   	0.160000	1.25325   	0.160000	1.25325   	0.160000	1.25325   	0.160000	1.24953   	0.160000	0.00513091	
0.180000	1.62921   	0.180000	1.25055   	0.180000	1.25664   	0.180000	1.25664   	0.180000	1.25664   	0.180000	1.24589   	0.180000	0.00466722	
0.200000	1.63277   	0.200000	1.24532   	0.200000	1.25553   	0.200000	1.25553   	0.200000	1.25553   	0.200000	1.24103   	0.200000	0.00428617	
0.250000	1.60297   	0.250000	1.23159   	0.250000	1.24401   	0.250000	1.24401   	0.250000	1.24401   	0.250000	1.22802   	0.250000	0.0035741 	
0.300000	1.60956   	0.300000	1.23617   	0.300000	1.22876   	0.300000	1.22876   	0.300000	1.22876   	0.300000	1.2331    	0.300000	0.00307725	
0.350000	1.62162   	0.350000	1.24341   	0.350000	1.21323   	0.350000	1.21323   	0.350000	1.21323   	0.350000	1.2407    	0.350000	0.00270927	
0.400000	1.61879   	0.400000	1.23837   	0.400000	1.19974   	0.400000	1.19974   	0.400000	1.19974   	0.400000	1.23595   	0.400000	0.0024249 	
0.450000	1.60986   	0.450000	1.22875   	0.450000	1.19455   	0.450000	1.19455   	0.450000	1.19455   	0.450000	1.22656   	0.450000	0.00219803	
0.500000	1.60535   	0.500000	1.22303   	0.500000	1.18646   	0.500000	1.18646   	0.500000	1.18646   	0.500000	1.22102   	0.500000	0.0020125 	
0.600000	1.53401   	0.600000	1.20787   	0.600000	1.16469   	0.600000	1.16469   	0.600000	1.16469   	0.600000	1.20614   	0.600000	0.0017265 	
0.700000	1.45388   	0.700000	1.18728   	0.700000	1.13579   	0.700000	1.13579   	0.700000	1.13579   	0.700000	1.18577   	0.700000	0.00151567	
0.800000	1.42295   	0.800000	1.1616    	0.800000	1.1053    	0.800000	1.1053    	0.800000	1.1053    	0.800000	1.16025   	0.800000	0.00135335	
0.900000	1.38878   	0.900000	1.13447   	0.900000	1.07505   	0.900000	1.07505   	0.900000	1.07505   	0.900000	1.13325   	0.900000	0.00122426	
1.000000	1.35286   	1.000000	1.10682   	1.000000	1.04548   	1.000000	1.04548   	1.000000	1.04548   	1.000000	1.1057    	1.000000	0.00111897	
1.250000	1.2503    	1.250000	1.03088   	1.250000	0.974453  	1.250000	0.974453  	1.250000	0.974454  	1.250000	1.02995   	1.250000	0.000924209	
1.500000	1.14471   	1.500000	0.951424  	1.500000	0.907978  	1.500000	0.907978  	1.500000	0.907978  	1.500000	0.950634  	1.500000	0.000789941	
1.750000	1.0546    	1.750000	0.884216  	1.750000	0.851006  	1.750000	0.851006  	1.750000	0.851006  	1.750000	0.883525  	1.750000	0.000691417	
2.000000	0.970759  	2.000000	0.820864  	2.000000	0.80122   	2.000000	0.80122   	2.000000	0.801221  	2.000000	0.820248  	2.000000	0.000615848	
2.250000	0.90102   	2.250000	0.767187  	2.250000	0.757196  	2.250000	0.757196  	2.250000	0.757196  	2.250000	0.766631  	2.250000	0.000555934	
2.500000	0.839128  	2.500000	0.721986  	2.500000	0.717942  	2.500000	0.717942  	2.500000	0.717943  	2.500000	0.721479  	2.500000	0.000507194	
3.000000	0.74778   	3.000000	0.649008  	3.000000	0.650933  	3.000000	0.650933  	3.000000	0.650933  	3.000000	0.648575  	3.000000	0.000432545	
3.500000	0.675207  	3.500000	0.591455  	3.500000	0.595877  	3.500000	0.595877  	3.500000	0.595877  	3.500000	0.591077  	3.500000	0.000377916	
4.000000	0.616147  	4.000000	0.544675  	4.000000	0.549875  	4.000000	0.549875  	4.000000	0.549876  	4.000000	0.544339  	4.000000	0.000336105	
4.500000	0.567124  	4.500000	0.505703  	4.500000	0.510884  	4.500000	0.510884  	4.500000	0.510884  	4.500000	0.5054    	4.500000	0.000303017	
5.000000	0.525756  	5.000000	0.472566  	5.000000	0.477419  	5.000000	0.477419  	5.000000	0.477419  	5.000000	0.47229   	5.000000	0.000276142	
5.500000	0.490362  	5.500000	0.443959  	5.500000	0.448381  	5.500000	0.448381  	5.500000	0.448381  	5.500000	0.443705  	5.500000	0.000253856	
6.000000	0.459721  	6.000000	0.418963  	6.000000	0.42294   	6.000000	0.42294   	6.000000	0.42294   	6.000000	0.418728  	6.000000	0.00023506	
6.500000	0.432923  	6.500000	0.396908  	6.500000	0.400461  	6.500000	0.400461  	6.500000	0.400461  	6.500000	0.396689  	6.500000	0.000218981	
7.000000	0.409279  	7.000000	0.377283  	7.000000	0.380448  	7.000000	0.380448  	7.000000	0.380448  	7.000000	0.377078  	7.000000	0.000205061	
7.500000	0.388257  	7.500000	0.359696  	7.500000	0.36251   	7.500000	0.36251   	7.500000	0.36251   	7.500000	0.359504  	7.500000	0.000192886	
8.000000	0.369437  	8.000000	0.343837  	8.000000	0.346335  	8.000000	0.346335  	8.000000	0.346336  	8.000000	0.343654  	8.000000	0.000182143	
8.500000	0.352485  	8.500000	0.329454  	8.500000	0.331671  	8.500000	0.331671  	8.500000	0.331671  	8.500000	0.329282  	8.500000	0.000172589	
9.000000	0.337133  	9.000000	0.316347  	9.000000	0.31831   	9.000000	0.31831   	9.000000	0.31831   	9.000000	0.316183  	9.000000	0.000164033	
9.500000	0.323161  	9.500000	0.304348  	9.500000	0.306084  	9.500000	0.306084  	9.500000	0.306084  	9.500000	0.304192  	9.500000	0.000156325	
10.000000	0.310389  	10.000000	0.294639  	10.000000	0.294849  	10.000000	0.294849  	10.000000	0.294849  	10.000000	0.29449   	10.000000	0.000149343	
11.000000	0.287866  	11.000000	0.274797  	11.000000	0.274452  	11.000000	0.274669  	11.000000	0.274517  	11.000000	0.27466   	11.000000	0.000137176	
12.000000	0.268626  	12.000000	0.257567  	12.000000	0.256844  	12.000000	0.257203  	12.000000	0.256938  	12.000000	0.257441  	12.000000	0.000126924	
13.000000	0.251989  	13.000000	0.242475  	13.000000	0.241477  	13.000000	0.241927  	13.000000	0.241579  	13.000000	0.242357  	13.000000	0.000118162	
14.000000	0.237455  	14.000000	0.229149  	14.000000	0.227937  	14.000000	0.228447  	14.000000	0.228038  	14.000000	0.229039  	14.000000	0.000110582	
15.000000	0.224643  	15.000000	0.217301  	15.000000	0.215906  	15.000000	0.216455  	15.000000	0.216005  	15.000000	0.217197  	15.000000	0.000103958	
16.000000	0.21326   	16.000000	0.206697  	16.000000	0.205147  	16.000000	0.205713  	16.000000	0.205236  	16.000000	0.206599  	16.000000	9.81168e-05	
17.000000	0.203076  	17.000000	0.197153  	17.000000	0.195464  	17.000000	0.196031  	17.000000	0.195539  	17.000000	0.19706   	17.000000	9.29251e-05	
18.000000	0.193908  	18.000000	0.188517  	18.000000	0.18669   	18.000000	0.187256  	18.000000	0.186756  	18.000000	0.188428  	18.000000	8.8279e-05	
19.000000	0.185609  	19.000000	0.180665  	19.000000	0.178702  	19.000000	0.179263  	19.000000	0.178764  	19.000000	0.18058   	19.000000	8.40956e-05	
20.000000	0.17806   	20.000000	0.173494  	20.000000	0.171403  	20.000000	0.17195   	20.000000	0.171457  	20.000000	0.173414  	20.000000	8.03079e-05	
21.000000	0.171161  	21.000000	0.16692   	21.000000	0.164706  	21.000000	0.165232  	21.000000	0.164748  	21.000000	0.166844  	21.000000	7.68615e-05	
22.000000	0.164831  	22.000000	0.160871  	22.000000	0.158533  	22.000000	0.159039  	22.000000	0.158568  	22.000000	0.160797  	22.000000	7.37117e-05	
23.000000	0.159001  	23.000000	0.155286  	23.000000	0.152823  	23.000000	0.153309  	23.000000	0.152853  	23.000000	0.155215  	23.000000	7.08211e-05	
24.000000	0.153614  	24.000000	0.150112  	24.000000	0.147525  	24.000000	0.147992  	24.000000	0.147554  	24.000000	0.150044  	24.000000	6.81586e-05	
25.000000	0.148619  	25.000000	0.145306  	25.000000	0.142596  	25.000000	0.143044  	25.000000	0.142625  	25.000000	0.145241  	25.000000	6.56978e-05	
27.000000	0.139645  	27.000000	0.136651  	27.000000	0.133704  	27.000000	0.13411   	27.000000	0.133731  	27.000000	0.136589  	27.000000	6.12949e-05	
29.000000	0.131807  	29.000000	0.129069  	29.000000	0.125908  	29.000000	0.126263  	29.000000	0.125927  	29.000000	0.129012  	29.000000	5.74684e-05	
31.000000	0.124899  	31.000000	0.122372  	31.000000	0.119257  	31.000000	0.119548  	31.000000	0.119268  	31.000000	0.122318  	31.000000	5.41106e-05	
33.000000	0.118762  	33.000000	0.116412  	33.000000	0.113556  	33.000000	0.113788  	33.000000	0.11357   	33.000000	0.116361  	33.000000	5.11393e-05	
35.000000	0.113271  	35.000000	0.111072  	35.000000	0.108446  	35.000000	0.108626  	35.000000	0.10846   	35.000000	0.111024  	35.000000	4.84904e-05	
38.000000	0.106038  	38.000000	0.104027  	38.000000	0.1017    	38.000000	0.101814  	38.000000	0.101709  	38.000000	0.103982  	38.000000	4.50142e-05	
41.000000	0.0997844 	41.000000	0.0979291 	41.000000	0.0958555 	41.000000	0.0959129 	41.000000	0.0958557 	41.000000	0.097887  	41.000000	4.20219e-05	
44.000000	0.0943218 	44.000000	0.0925972 	44.000000	0.090725  	44.000000	0.0907492 	44.000000	0.0907295 	44.000000	0.0925578 	44.000000	3.94178e-05	
47.000000	0.0895062 	47.000000	0.0878941 	47.000000	0.0862019 	47.000000	0.0861901 	47.000000	0.0862005 	47.000000	0.087857  	47.000000	3.71299e-05	
50.000000	0.0852271 	50.000000	0.0837135 	50.000000	0.082174  	50.000000	0.0821336 	50.000000	0.0821683 	50.000000	0.0836784 	50.000000	3.51034e-05	
55.000000	0.0790607 	55.000000	0.0776882 	55.000000	0.0763482 	55.000000	0.0762793 	55.000000	0.0763447 	55.000000	0.077656  	55.000000	3.2194e-05	
60.000000	0.073852  	60.000000	0.0725994 	60.000000	0.0714172 	60.000000	0.0713268 	60.000000	0.0714144 	60.000000	0.0725697 	60.000000	2.9747e-05	
65.000000	0.0693901 	65.000000	0.0682424 	65.000000	0.0671801 	65.000000	0.0670795 	65.000000	0.0671834 	65.000000	0.0682147 	65.000000	2.7659e-05	
70.000000	0.0655223 	70.000000	0.0644682 	70.000000	0.0635141 	70.000000	0.0633948 	70.000000	0.0635108 	70.000000	0.0644423 	70.000000	2.58556e-05	
75.000000	0.0621351 	75.000000	0.0611661 	75.000000	0.0602896 	75.000000	0.0601663 	75.000000	0.0602914 	75.000000	0.0611418 	75.000000	2.42815e-05	
80.000000	0.0591424 	80.000000	0.0582518 	80.000000	0.0574476 	80.000000	0.0573132 	80.000000	0.0574452 	80.000000	0.0582289 	80.000000	2.28951e-05	
85.000000	0.0564778 	85.000000	0.0556601 	85.000000	0.0549088 	85.000000	0.0547727 	85.000000	0.0549098 	85.000000	0.0556384 	85.000000	2.16643e-05	
90.000000	0.0540889 	90.000000	0.0533397 	90.000000	0.0526403 	90.000000	0.0524955 	90.000000	0.0526364 	90.000000	0.0533191 	90.000000	2.0564e-05	
95.000000	0.0519342 	95.000000	0.0512497 	95.000000	0.0505873 	95.000000	0.0504423 	95.000000	0.0505861 	95.000000	0.0512301 	95.000000	1.95742e-05	
100.000000	0.0499801 	100.000000	0.0493571 	100.000000	0.0487265 	100.000000	0.0485812 	100.000000	0.0487271 	100.000000	0.0493384 	100.000000	1.86789e-05	
105.000000	0.0481991 	105.000000	0.0476349 	105.000000	0.047031  	105.000000	0.0468861 	105.000000	0.0470335 	105.000000	0.0476171 	105.000000	1.7865e-05	
110.000000	0.0465688 	110.000000	0.046061  	110.000000	0.0454859 	110.000000	0.0453357 	110.000000	0.0454843 	110.000000	0.0460439 	110.000000	1.71218e-05	
115.000000	0.0450704 	115.000000	0.0446168 	115.000000	0.0440638 	115.000000	0.0439119 	115.000000	0.0440611 	115.000000	0.0446003 	115.000000	1.64402e-05	
120.000000	0.043688  	120.000000	0.0432867 	120.000000	0.0427505 	120.000000	0.0425998 	120.000000	0.0427494 	120.000000	0.0432709 	120.000000	1.58129e-05	
125.000000	0.0424084 	125.000000	0.0420576 	125.000000	0.041537  	125.000000	0.0413865 	125.000000	0.0415363 	125.000000	0.0420424 	125.000000	1.52335e-05	
130.000000	0.0412203 	130.000000	0.0409185 	130.000000	0.0404113 	130.000000	0.0402614 	130.000000	0.0404112 	130.000000	0.0409038 	130.000000	1.46966e-05	
135.000000	0.0401138 	135.000000	0.0398596 	135.000000	0.0393644 	135.000000	0.039215  	135.000000	0.0393646 	135.000000	0.0398454 	135.000000	1.41978e-05	
140.000000	0.0390808 	140.000000	0.0388727 	140.000000	0.0383882 	140.000000	0.0382393 	140.000000	0.0383887 	140.000000	0.038859  	140.000000	1.3733e-05	
145.000000	0.0381139 	145.000000	0.0379507 	145.000000	0.0374757 	145.000000	0.0373274 	145.000000	0.0374763 	145.000000	0.0379374 	145.000000	1.32988e-05	
150.000000	0.0372068 	150.000000	0.0370874 	150.000000	0.0366209 	150.000000	0.0364732 	150.000000	0.0366217 	150.000000	0.0370745 	150.000000	1.28922e-05	
155.000000	0.0359295 	155.000000	0.0362772 	155.000000	0.0358185 	155.000000	0.0356714 	155.000000	0.0358194 	155.000000	0.0362647 	155.000000	1.25107e-05	
160.000000	0.0351809 	160.000000	0.0355155 	160.000000	0.0350637 	160.000000	0.0349172 	160.000000	0.0350646 	160.000000	0.0355034 	160.000000	1.21521e-05	
165.000000	0.0344749 	165.000000	0.034798  	165.000000	0.0343525 	165.000000	0.0342066 	165.000000	0.0343535 	165.000000	0.0347861 	165.000000	1.18141e-05	
170.000000	0.033808  	170.000000	0.0341208 	170.000000	0.0336813 	170.000000	0.0335359 	170.000000	0.0336821 	170.000000	0.0341093 	170.000000	1.14952e-05	
175.000000	0.0331769 	175.000000	0.0334808 	175.000000	0.0330466 	175.000000	0.0329018 	175.000000	0.0330474 	175.000000	0.0334696 	175.000000	1.11937e-05	
180.000000	0.0325789 	180.000000	0.0328748 	180.000000	0.0324456 	180.000000	0.0323014 	180.000000	0.0324464 	180.000000	0.0328639 	180.000000	1.09082e-05	
185.000000	0.0320113 	185.000000	0.0323004 	185.000000	0.0318758 	185.000000	0.0317322 	185.000000	0.0318764 	185.000000	0.0322897 	185.000000	1.06375e-05	
190.000000	0.0314719 	190.000000	0.031755  	190.000000	0.0313347 	190.000000	0.0311916 	190.000000	0.0313352 	190.000000	0.0317446 	190.000000	1.03804e-05	
195.000000	0.0309586 	195.000000	0.0312365 	195.000000	0.0308203 	195.000000	0.0306778 	195.000000	0.0308207 	195.000000	0.0312263 	195.000000	1.01359e-05	
200.000000	0.0304694 	200.000000	0.0307429 	200.000000	0.0303306 	200.000000	0.0301886 	200.000000	0.0303308 	200.000000	0.030733  	200.000000	9.90309e-06	
210.000000	0.0295572 	210.000000	0.0298239 	210.000000	0.0294186 	210.000000	0.0292777 	210.000000	0.0294186 	210.000000	0.0298144 	210.000000	9.4693e-06	
220.000000	0.0287235 	220.000000	0.0289856 	220.000000	0.0285868 	220.000000	0.028447  	220.000000	0.0285864 	220.000000	0.0289766 	220.000000	9.07326e-06	
230.000000	0.0279585 	230.000000	0.028218  	230.000000	0.0278251 	230.000000	0.0276862 	230.000000	0.0278245 	230.000000	0.0282092 	230.000000	8.71021e-06	
240.000000	0.0272539 	240.000000	0.0275123 	240.000000	0.027125  	240.000000	0.0269872 	240.000000	0.0271241 	240.000000	0.027504  	240.000000	8.37612e-06	
250.000000	0.0266029 	250.000000	0.0268616 	250.000000	0.02648   	250.000000	0.0263427 	250.000000	0.0264784 	250.000000	0.0268535 	250.000000	8.06763e-06	
260.000000	0.0259996 	260.000000	0.0262596 	260.000000	0.0258817 	260.000000	0.0257467 	260.000000	0.0258812 	260.000000	0.0262519 	260.000000	7.78187e-06	
270.000000	0.0254388 	270.000000	0.0257012 	270.000000	0.0253258 	270.000000	0.025194  	270.000000	0.0253274 	270.000000	0.0256937 	270.000000	7.51638e-06	
280.000000	0.0249163 	280.000000	0.0251818 	280.000000	0.0248114 	280.000000	0.0246802 	280.000000	0.0248124 	280.000000	0.0251745 	280.000000	7.26906e-06	
290.000000	0.0244283 	290.000000	0.0246974 	290.000000	0.0243319 	290.000000	0.0242013 	290.000000	0.0243325 	290.000000	0.0246904 	290.000000	7.03808e-06	
300.000000	0.0239714 	300.000000	0.0242448 	300.000000	0.0238838 	300.000000	0.0237541 	300.000000	0.0238841 	300.000000	0.024238  	300.000000	6.82186e-06	
310.000000	0.0235428 	310.000000	0.023821  	310.000000	0.0234646 	310.000000	0.0233355 	310.000000	0.0234645 	310.000000	0.0238144 	310.000000	6.619e-06 	
320.000000	0.0231399 	320.000000	0.0234233 	320.000000	0.0230714 	320.000000	0.0229429 	320.000000	0.023071  	320.000000	0.0234169 	320.000000	6.42829e-06	
330.000000	0.0227606 	330.000000	0.0230494 	330.000000	0.0227018 	330.000000	0.0225741 	330.000000	0.0227013 	330.000000	0.0230432 	330.000000	6.24866e-06	
340.000000	0.0224029 	340.000000	0.0226973 	340.000000	0.0223543 	340.000000	0.022227  	340.000000	0.0223533 	340.000000	0.0226913 	340.000000	6.07915e-06	
350.000000	0.022065  	350.000000	0.0223653 	350.000000	0.0220268 	350.000000	0.0218999 	350.000000	0.0220253 	350.000000	0.0223594 	350.000000	5.91893e-06	
360.000000	0.0217452 	360.000000	0.0220516 	360.000000	0.0217165 	360.000000	0.0215911 	360.000000	0.0217157 	360.000000	0.0220458 	360.000000	5.76724e-06	
370.000000	0.0214423 	370.000000	0.0217548 	370.000000	0.0214223 	370.000000	0.0212992 	370.000000	0.021423  	370.000000	0.0217492 	370.000000	5.62342e-06	
380.000000	0.0211549 	380.000000	0.0214737 	380.000000	0.0211449 	380.000000	0.0210228 	380.000000	0.0211458 	380.000000	0.0214682 	380.000000	5.48684e-06	
390.000000	0.020882  	390.000000	0.0212071 	390.000000	0.0208827 	390.000000	0.0207609 	390.000000	0.0208832 	390.000000	0.0212017 	390.000000	5.35699e-06	
400.000000	0.0206224 	400.000000	0.0209539 	400.000000	0.0206338 	400.000000	0.0205124 	400.000000	0.0206339 	400.000000	0.0209486 	400.000000	5.23336e-06	
410.000000	0.0203753 	410.000000	0.0207131 	410.000000	0.0203972 	410.000000	0.0202762 	410.000000	0.0203971 	410.000000	0.020708  	410.000000	5.11551e-06	
420.000000	0.0201397 	420.000000	0.020484  	420.000000	0.0201721 	420.000000	0.0200517 	420.000000	0.0201718 	420.000000	0.020479  	420.000000	5.00304e-06	
430.000000	0.0199151 	430.000000	0.0202657 	430.000000	0.0199579 	430.000000	0.0198379 	430.000000	0.0199574 	430.000000	0.0202608 	430.000000	4.89559e-06	
440.000000	0.0197005 	440.000000	0.0200575 	440.000000	0.019754  	440.000000	0.0196341 	440.000000	0.019753  	440.000000	0.0200527 	440.000000	4.79282e-06	
450.000000	0.0194954 	450.000000	0.0198588 	450.000000	0.0195592 	450.000000	0.0194398 	450.000000	0.0195581 	450.000000	0.0198541 	450.000000	4.69444e-06	
460.000000	0.0192993 	460.000000	0.0196689 	460.000000	0.0193725 	460.000000	0.0192542 	460.000000	0.0193719 	460.000000	0.0196643 	460.000000	4.60015e-06	
470.000000	0.0191115 	470.000000	0.0194873 	470.000000	0.0191937 	470.000000	0.0190769 	470.000000	0.0191941 	470.000000	0.0194828 	470.000000	4.50972e-06	
480.000000	0.0189315 	480.000000	0.0193135 	480.000000	0.019023  	480.000000	0.0189073 	480.000000	0.019024  	480.000000	0.0193091 	480.000000	4.4229e-06	
490.000000	0.018759  	490.000000	0.0191471 	490.000000	0.0188604 	490.000000	0.0187451 	490.000000	0.0188611 	490.000000	0.0191427 	490.000000	4.33948e-06	
500.000000	0.0185934 	500.000000	0.0189875 	500.000000	0.0187048 	500.000000	0.0185896 	500.000000	0.0187052 	500.000000	0.0189833 	500.000000	4.25926e-06	
520.000000	0.0182818 	520.000000	0.0186877 	520.000000	0.0184124 	520.000000	0.0182978 	520.000000	0.0184124 	520.000000	0.0186836 	520.000000	4.10771e-06	
540.000000	0.0179937 	540.000000	0.0184111 	540.000000	0.0181429 	540.000000	0.0180289 	540.000000	0.0181426 	540.000000	0.0184071 	540.000000	3.96694e-06	
560.000000	0.0177269 	560.000000	0.0181554 	560.000000	0.0178941 	560.000000	0.0177807 	560.000000	0.0178935 	560.000000	0.0181515 	560.000000	3.83582e-06	
580.000000	0.0174792 	580.000000	0.0179184 	580.000000	0.0176635 	580.000000	0.0175509 	580.000000	0.0176629 	580.000000	0.0179147 	580.000000	3.71339e-06	
600.000000	0.0172488 	600.000000	0.0176983 	600.000000	0.0174491 	600.000000	0.0173378 	600.000000	0.0174491 	600.000000	0.0176947 	600.000000	3.5988e-06	
620.000000	0.0170341 	620.000000	0.0174936 	620.000000	0.0172497 	620.000000	0.0171398 	620.000000	0.0172503 	620.000000	0.0174901 	620.000000	3.49131e-06	
640.000000	0.0168337 	640.000000	0.0173029 	640.000000	0.0170648 	640.000000	0.0169554 	640.000000	0.0170652 	640.000000	0.0172995 	640.000000	3.39028e-06	
660.000000	0.0166465 	660.000000	0.0171248 	660.000000	0.0168925 	660.000000	0.0167834 	660.000000	0.0168926 	660.000000	0.0171215 	660.000000	3.29512e-06	
680.000000	0.0164712 	680.000000	0.0169584 	680.000000	0.0167314 	680.000000	0.0166227 	680.000000	0.0167313 	680.000000	0.0169552 	680.000000	3.20535e-06	
700.000000	0.016307  	700.000000	0.0168026 	700.000000	0.0165808 	700.000000	0.0164724 	700.000000	0.0165804 	700.000000	0.0167994 	700.000000	3.1205e-06	
720.000000	0.0161529 	720.000000	0.0166565 	720.000000	0.0164398 	720.000000	0.0163316 	720.000000	0.016439  	720.000000	0.0166535 	720.000000	3.04018e-06	
740.000000	0.0160082 	740.000000	0.0165195 	740.000000	0.0163071 	740.000000	0.0161995 	740.000000	0.0163063 	740.000000	0.0165166 	740.000000	2.96404e-06	
760.000000	0.0158722 	760.000000	0.0163908 	760.000000	0.0161819 	760.000000	0.0160754 	760.000000	0.0161818 	760.000000	0.0163879 	760.000000	2.89174e-06	
780.000000	0.0157442 	780.000000	0.0162698 	780.000000	0.0160641 	780.000000	0.0159587 	780.000000	0.0160646 	780.000000	0.016267  	780.000000	2.82301e-06	
800.000000	0.0156236 	800.000000	0.0161559 	800.000000	0.0159536 	800.000000	0.0158488 	800.000000	0.0159542 	800.000000	0.0161532 	800.000000	2.75758e-06	
820.000000	0.0155101 	820.000000	0.0160487 	820.000000	0.0158504 	820.000000	0.0157458 	820.000000	0.0158508 	820.000000	0.016046  	820.000000	2.69522e-06	
840.000000	0.015403  	840.000000	0.0159476 	840.000000	0.0157554 	840.000000	0.015651  	840.000000	0.0157556 	840.000000	0.0159449 	840.000000	2.63572e-06	
860.000000	0.015302  	860.000000	0.0158522 	860.000000	0.0156657 	860.000000	0.0155616 	860.000000	0.0156657 	860.000000	0.0158496 	860.000000	2.57887e-06	
880.000000	0.0152066 	880.000000	0.0157622 	880.000000	0.015581  	880.000000	0.015477  	880.000000	0.0155808 	880.000000	0.0157597 	880.000000	2.52451e-06	
900.000000	0.0151166 	900.000000	0.0156772 	900.000000	0.0155009 	900.000000	0.0153971 	900.000000	0.0155005 	900.000000	0.0156747 	900.000000	2.47247e-06	
920.000000	0.0150315 	920.000000	0.0155969 	920.000000	0.0154251 	920.000000	0.0153215 	920.000000	0.0154246 	920.000000	0.0155944 	920.000000	2.4226e-06	
940.000000	0.0149511 	940.000000	0.0155209 	940.000000	0.0153534 	940.000000	0.0152499 	940.000000	0.0153526 	940.000000	0.0155186 	940.000000	2.37478e-06	
960.000000	0.0148752 	960.000000	0.0154492 	960.000000	0.0152852 	960.000000	0.0151821 	960.000000	0.0152845 	960.000000	0.0154468 	960.000000	2.32887e-06	
980.000000	0.0148034 	980.000000	0.0153812 	980.000000	0.0152202 	980.000000	0.0151178 	980.000000	0.0152199 	980.000000	0.015379  	980.000000	2.28477e-06	
1000.000000	0.0147355 	1000.000000	0.015317  	1000.000000	0.0151585 	1000.000000	0.0150569 	1000.000000	0.0151586 	1000.000000	0.0153147 	1000.000000	2.24236e-06	
1020.000000	0.0146713 	1020.000000	0.0152562 	1020.000000	0.0151    	1020.000000	0.014999  	1020.000000	0.0151004 	1020.000000	0.015254  	1020.000000	2.20154e-06	
1040.000000	0.0146106 	1040.000000	0.0151986 	1040.000000	0.0150446 	1040.000000	0.014944  	1040.000000	0.0150452 	1040.000000	0.0151964 	1040.000000	2.16224e-06	
1060.000000	0.0145533 	1060.000000	0.0151441 	1060.000000	0.0149922 	1060.000000	0.0148919 	1060.000000	0.0149928 	1060.000000	0.015142  	1060.000000	2.12437e-06	
1080.000000	0.0144991 	1080.000000	0.0150925 	1080.000000	0.0149425 	1080.000000	0.0148423 	1080.000000	0.0149429 	1080.000000	0.0150904 	1080.000000	2.08784e-06	
1100.000000	0.0144478 	1100.000000	0.0150437 	1100.000000	0.0148953 	1100.000000	0.0147951 	1100.000000	0.0148955 	1100.000000	0.0150416 	1100.000000	2.0526e-06	
1120.000000	0.0143994 	1120.000000	0.0149974 	1120.000000	0.0148503 	1120.000000	0.0147503 	1120.000000	0.0148504 	1120.000000	0.0149954 	1120.000000	2.01856e-06	
1140.000000	0.0143537 	1140.000000	0.0149536 	1140.000000	0.0148075 	1140.000000	0.0147076 	1140.000000	0.0148075 	1140.000000	0.0149516 	1140.000000	1.98567e-06	
1160.000000	0.0143106 	1160.000000	0.0149122 	1160.000000	0.0147668 	1160.000000	0.014667  	1160.000000	0.0147667 	1160.000000	0.0149102 	1160.000000	1.95387e-06	
1180.000000	0.0142699 	1180.000000	0.014873  	1180.000000	0.014728  	1180.000000	0.0146283 	1180.000000	0.0147278 	1180.000000	0.014871  	1180.000000	1.92311e-06	
1200.000000	0.0142315 	1200.000000	0.0148359 	1200.000000	0.014691  	1200.000000	0.0145915 	1200.000000	0.0146908 	1200.000000	0.014834  	1200.000000	1.89334e-06	
1220.000000	0.0141954 	1220.000000	0.0148008 	1220.000000	0.0146559 	1220.000000	0.0145565 	1220.000000	0.0146556 	1220.000000	0.0147989 	1220.000000	1.8645e-06	
1240.000000	0.0141614 	1240.000000	0.0147676 	1240.000000	0.0146225 	1240.000000	0.0145231 	1240.000000	0.014622  	1240.000000	0.0147658 	1240.000000	1.83656e-06	
1260.000000	0.0141294 	1260.000000	0.0147363 	1260.000000	0.0145906 	1260.000000	0.0144913 	1260.000000	0.01459   	1260.000000	0.0147345 	1260.000000	1.80948e-06	
1280.000000	0.0140993 	1280.000000	0.0147067 	1280.000000	0.0145602 	1280.000000	0.014461  	1280.000000	0.0145595 	1280.000000	0.0147049 	1280.000000	1.7832e-06	
1300.000000	0.0140711 	1300.000000	0.0146788 	1300.000000	0.0145311 	1300.000000	0.0144321 	1300.000000	0.0145304 	1300.000000	0.014677  	1300.000000	1.75771e-06	
1320.000000	0.0140447 	1320.000000	0.0146525 	1320.000000	0.0145033 	1320.000000	0.0144045 	1320.000000	0.0145027 	1320.000000	0.0146507 	1320.000000	1.73296e-06	
1340.000000	0.0140199 	1340.000000	0.0146276 	1340.000000	0.0144767 	1340.000000	0.0143783 	1340.000000	0.0144763 	1340.000000	0.0146259 	1340.000000	1.70892e-06	
1360.000000	0.0139968 	1360.000000	0.0146043 	1360.000000	0.0144513 	1360.000000	0.0143532 	1360.000000	0.0144511 	1360.000000	0.0146026 	1360.000000	1.68556e-06	
1380.000000	0.0139753 	1380.000000	0.0145823 	1380.000000	0.0144271 	1380.000000	0.0143294 	1380.000000	0.014427  	1380.000000	0.0145807 	1380.000000	1.66285e-06	
1400.000000	0.0139553 	1400.000000	0.0145617 	1400.000000	0.014404  	1400.000000	0.0143066 	1400.000000	0.0144041 	1400.000000	0.0145601 	1400.000000	1.64077e-06	
1420.000000	0.0139367 	1420.000000	0.0145424 	1420.000000	0.014382  	1420.000000	0.0142849 	1420.000000	0.0143823 	1420.000000	0.0145407 	1420.000000	1.61928e-06	
1440.000000	0.0139195 	1440.000000	0.0145242 	1440.000000	0.0143611 	1440.000000	0.0142643 	1440.000000	0.0143615 	1440.000000	0.0145226 	1440.000000	1.59837e-06	
1460.000000	0.0139037 	1460.000000	0.0145073 	1460.000000	0.0143411 	1460.000000	0.0142446 	1460.000000	0.0143417 	1460.000000	0.0145057 	1460.000000	1.57801e-06	
1480.000000	0.0138891 	1480.000000	0.0144915 	1480.000000	0.0143222 	1480.000000	0.0142258 	1480.000000	0.0143227 	1480.000000	0.0144899 	1480.000000	1.55818e-06	
1500.000000	0.0138758 	1500.000000	0.0144767 	1500.000000	0.0143042 	1500.000000	0.0142079 	1500.000000	0.0143047 	1500.000000	0.0144752 	1500.000000	1.53886e-06	
1520.000000	0.0138636 	1520.000000	0.0144631 	1520.000000	0.0142871 	1520.000000	0.0141908 	1520.000000	0.0142875 	1520.000000	0.0144615 	1520.000000	1.52003e-06	
1540.000000	0.0138526 	1540.000000	0.0144504 	1540.000000	0.0142708 	1540.000000	0.0141746 	1540.000000	0.0142712 	1540.000000	0.0144489 	1540.000000	1.50167e-06	
1560.000000	0.0138428 	1560.000000	0.0144387 	1560.000000	0.0142553 	1560.000000	0.0141591 	1560.000000	0.0142556 	1560.000000	0.0144372 	1560.000000	1.48376e-06	
1580.000000	0.013834  	1580.000000	0.0144279 	1580.000000	0.0142405 	1580.000000	0.0141444 	1580.000000	0.0142407 	1580.000000	0.0144264 	1580.000000	1.46629e-06	
1600.000000	0.0138262 	1600.000000	0.014418  	1600.000000	0.0142265 	1600.000000	0.0141304 	1600.000000	0.0142266 	1600.000000	0.0144165 	1600.000000	1.44924e-06	
1620.000000	0.0138194 	1620.000000	0.0144089 	1620.000000	0.0142131 	1620.000000	0.014117  	1620.000000	0.0142131 	1620.000000	0.0144075 	1620.000000	1.4326e-06	
1640.000000	0.0138136 	1640.000000	0.0144007 	1640.000000	0.0142004 	1640.000000	0.0141043 	1640.000000	0.0142003 	1640.000000	0.0143993 	1640.000000	1.41635e-06	
1660.000000	0.0138088 	1660.000000	0.0143933 	1660.000000	0.0141882 	1660.000000	0.0140922 	1660.000000	0.0141881 	1660.000000	0.0143919 	1660.000000	1.40047e-06	
1680.000000	0.0138048 	1680.000000	0.0143867 	1680.000000	0.0141767 	1680.000000	0.0140808 	1680.000000	0.0141765 	1680.000000	0.0143853 	1680.000000	1.38496e-06	
1700.000000	0.0138017 	1700.000000	0.0143808 	1700.000000	0.0141657 	1700.000000	0.0140699 	1700.000000	0.0141655 	1700.000000	0.0143794 	1700.000000	1.36979e-06	
1750.000000	0.0137977 	1750.000000	0.0143692 	1750.000000	0.0141407 	1750.000000	0.014045  	1750.000000	0.0141404 	1750.000000	0.0143678 	1750.000000	1.33335e-06	
1800.000000	0.0137985 	1800.000000	0.0143617 	1800.000000	0.0141187 	1800.000000	0.0140232 	1800.000000	0.0141184 	1800.000000	0.0143604 	1800.000000	1.29886e-06	
1850.000000	0.0138039 	1850.000000	0.014358  	1850.000000	0.0140996 	1850.000000	0.0140042 	1850.000000	0.0140992 	1850.000000	0.0143567 	1850.000000	1.26616e-06	
1900.000000	0.0138134 	1900.000000	0.0143578 	1900.000000	0.014083  	1900.000000	0.0139878 	1900.000000	0.0140826 	1900.000000	0.0143565 	1900.000000	1.23513e-06	
1950.000000	0.0138269 	1950.000000	0.0143608 	1950.000000	0.0140687 	1950.000000	0.0139737 	1950.000000	0.0140683 	1950.000000	0.0143596 	1950.000000	1.20562e-06	
2000.000000	0.0138441 	2000.000000	0.0143668 	2000.000000	0.0140565 	2000.000000	0.0139617 	2000.000000	0.0140561 	2000.000000	0.0143657 	2000.000000	1.17754e-06	
2100.000000	0.0138884 	2100.000000	0.014387  	2100.000000	0.0140377 	2100.000000	0.0139434 	2100.000000	0.0140374 	2100.000000	0.0143859 	2100.000000	1.12524e-06	
2200.000000	0.0139448 	2200.000000	0.0144167 	2200.000000	0.0140252 	2200.000000	0.0139314 	2200.000000	0.0140252 	2200.000000	0.0144157 	2200.000000	1.07754e-06	
2300.000000	0.0140118 	2300.000000	0.0144549 	2300.000000	0.0140182 	2300.000000	0.0139249 	2300.000000	0.0140184 	2300.000000	0.0144538 	2300.000000	1.03383e-06	
2400.000000	0.0140882 	2400.000000	0.0145003 	2400.000000	0.0140159 	2400.000000	0.0139229 	2400.000000	0.0140162 	2400.000000	0.0144993 	2400.000000	9.93637e-07	
2500.000000	0.0141732 	2500.000000	0.0145521 	2500.000000	0.0140175 	2500.000000	0.0139247 	2500.000000	0.0140178 	2500.000000	0.0145511 	2500.000000	9.56547e-07	
2600.000000	0.0142658 	2600.000000	0.0146096 	2600.000000	0.0140224 	2600.000000	0.0139298 	2600.000000	0.0140226 	2600.000000	0.0146087 	2600.000000	9.2221e-07	
2700.000000	0.0143654 	2700.000000	0.0146721 	2700.000000	0.0140302 	2700.000000	0.0139376 	2700.000000	0.0140302 	2700.000000	0.0146712 	2700.000000	8.90328e-07	
2800.000000	0.0144712 	2800.000000	0.0147391 	2800.000000	0.0140402 	2800.000000	0.0139477 	2800.000000	0.0140402 	2800.000000	0.0147383 	2800.000000	8.60642e-07	
2900.000000	0.0145829 	2900.000000	0.0148102 	2900.000000	0.0140522 	2900.000000	0.0139598 	2900.000000	0.0140521 	2900.000000	0.0148093 	2900.000000	8.32933e-07	
3000.000000	0.0146998 	3000.000000	0.0148848 	3000.000000	0.0140659 	3000.000000	0.0139736 	3000.000000	0.0140657 	3000.000000	0.014884  	3000.000000	8.07006e-07	
3200.000000	0.0149481 	3200.000000	0.0150436 	3200.000000	0.0140973 	3200.000000	0.0140052 	3200.000000	0.014097  	3200.000000	0.0150428 	3200.000000	7.59848e-07	
3400.000000	0.0152134 	3400.000000	0.015213  	3400.000000	0.0141329 	3400.000000	0.0140409 	3400.000000	0.0141326 	3400.000000	0.0152123 	3400.000000	7.18051e-07	
3600.000000	0.0154934 	3600.000000	0.0153913 	3600.000000	0.0141713 	3600.000000	0.0140796 	3600.000000	0.0141711 	3600.000000	0.0153906 	3600.000000	6.80741e-07	
3800.000000	0.0157865 	3800.000000	0.015577  	3800.000000	0.0142119 	3800.000000	0.0141204 	3800.000000	0.0142116 	3800.000000	0.0155763 	3800.000000	6.47227e-07	
4000.000000	0.0160914 	4000.000000	0.0157689 	4000.000000	0.0142538 	4000.000000	0.0141625 	4000.000000	0.0142536 	4000.000000	0.0157683 	4000.000000	6.16951e-07	
4200.000000	0.0164068 	4200.000000	0.0159661 	4200.000000	0.0142967 	4200.000000	0.0142056 	4200.000000	0.0142965 	4200.000000	0.0159655 	4200.000000	5.89461e-07	
4400.000000	0.0167319 	4400.000000	0.0161678 	4400.000000	0.01434   	4400.000000	0.0142491 	4400.000000	0.0143398 	4400.000000	0.0161673 	4400.000000	5.64387e-07	
4600.000000	0.017066  	4600.000000	0.0163735 	4600.000000	0.0143836 	4600.000000	0.0142928 	4600.000000	0.0143834 	4600.000000	0.0163729 	4600.000000	5.4142e-07	
4800.000000	0.0174083 	4800.000000	0.0165825 	4800.000000	0.0144271 	4800.000000	0.0143365 	4800.000000	0.014427  	4800.000000	0.0165819 	4800.000000	5.20303e-07	
5000.000000	0.0177583 	5000.000000	0.0167944 	5000.000000	0.0144705 	5000.000000	0.01438   	5000.000000	0.0144704 	5000.000000	0.0167939 	5000.000000	5.00818e-07	
5250.000000	0.018206  	5250.000000	0.0170629 	5250.000000	0.0145242 	5250.000000	0.0144339 	5250.000000	0.0145241 	5250.000000	0.0170624 	5250.000000	4.78481e-07	
5500.000000	0.0186642 	5500.000000	0.0173347 	5500.000000	0.0145772 	5500.000000	0.0144871 	5500.000000	0.0145772 	5500.000000	0.0173342 	5500.000000	4.58108e-07	
6000.000000	0.01961   	6000.000000	0.0178866 	6000.000000	0.0146808 	6000.000000	0.0145909 	6000.000000	0.0146808 	6000.000000	0.0178862 	6000.000000	4.2229e-07	
6500.000000	0.0205917 	6500.000000	0.018447  	6500.000000	0.0147805 	6500.000000	0.0146908 	6500.000000	0.0147804 	6500.000000	0.0184466 	6500.000000	3.91809e-07	
7000.000000	0.0216065 	7000.000000	0.0190138 	7000.000000	0.0148761 	7000.000000	0.0147866 	7000.000000	0.014876  	7000.000000	0.0190134 	7000.000000	3.65545e-07	
7500.000000	0.0226523 	7500.000000	0.0195853 	7500.000000	0.0149673 	7500.000000	0.0148782 	7500.000000	0.0149674 	7500.000000	0.019585  	7500.000000	3.42671e-07	
8000.000000	0.0237275 	8000.000000	0.0201605 	8000.000000	0.0150547 	8000.000000	0.0149659 	8000.000000	0.0150549 	8000.000000	0.0201602 	8000.000000	3.22566e-07	
8500.000000	0.0248308 	8500.000000	0.0207384 	8500.000000	0.0151385 	8500.000000	0.0150496 	8500.000000	0.0151384 	8500.000000	0.0207381 	8500.000000	3.04751e-07	
9000.000000	0.0259613 	9000.000000	0.0213184 	9000.000000	0.0152186 	9000.000000	0.0151298 	9000.000000	0.0152184 	9000.000000	0.0213181 	9000.000000	2.88854e-07	
9500.000000	0.0271183 	9500.000000	0.0218999 	9500.000000	0.0152951 	9500.000000	0.0152065 	9500.000000	0.0152949 	9500.000000	0.0218996 	9500.000000	2.74576e-07	
10000.000000	0.0283012 	10000.000000	0.0224825 	10000.000000	0.015368  	10000.000000	0.01528   	10000.000000	0.0153681 	10000.000000	0.0224823 	10000.000000	2.61682e-07	
11000.000000	0.0307426 	11000.000000	0.0236501 	11000.000000	0.0155052 	11000.000000	0.015418  	11000.000000	0.0155058 	11000.000000	0.0236499 	11000.000000	2.39301e-07	
12000.000000	0.0332829 	12000.000000	0.0248192 	12000.000000	0.0156328 	12000.000000	0.0155455 	12000.000000	0.0156328 	12000.000000	0.024819  	12000.000000	2.20539e-07	
13000.000000	0.03592   	13000.000000	0.0259887 	13000.000000	0.0157508 	13000.000000	0.0156637 	13000.000000	0.0157505 	13000.000000	0.0259885 	13000.000000	2.04576e-07	
14000.000000	0.0386527 	14000.000000	0.0271577 	14000.000000	0.0158602 	14000.000000	0.0157737 	14000.000000	0.01586   	14000.000000	0.0271575 	14000.000000	1.90824e-07	
15000.000000	0.0414802 	15000.000000	0.0283257 	15000.000000	0.0159618 	15000.000000	0.0158765 	15000.000000	0.0159622 	15000.000000	0.0283255 	15000.000000	1.7885e-07	
16000.000000	0.0444018 	16000.000000	0.0294924 	16000.000000	0.0160571 	16000.000000	0.0159728 	16000.000000	0.0160579 	16000.000000	0.0294922 	16000.000000	1.68328e-07	
17000.000000	0.0474173 	17000.000000	0.0306575 	17000.000000	0.0161468 	17000.000000	0.0160634 	17000.000000	0.0161479 	17000.000000	0.0306574 	17000.000000	1.59007e-07	
18000.000000	0.0505265 	18000.000000	0.0318209 	18000.000000	0.0162317 	18000.000000	0.0161488 	18000.000000	0.0162327 	18000.000000	0.0318208 	18000.000000	1.50689e-07	
19000.000000	0.0537294 	19000.000000	0.0329825 	19000.000000	0.0163121 	19000.000000	0.0162296 	19000.000000	0.0163129 	19000.000000	0.0329824 	19000.000000	1.43221e-07	
20000.000000	0.0570261 	20000.000000	0.0341422 	20000.000000	0.0163885 	20000.000000	0.0163062 	20000.000000	0.0163888 	20000.000000	0.0341421 	20000.000000	1.36477e-07	
21000.000000	0.0604165 	21000.000000	0.0353    	21000.000000	0.0164609 	21000.000000	0.016379  	21000.000000	0.0164609 	21000.000000	0.0352999 	21000.000000	1.30356e-07	
22000.000000	0.0639011 	22000.000000	0.0364559 	22000.000000	0.0165293 	22000.000000	0.0164484 	22000.000000	0.0165294 	22000.000000	0.0364558 	22000.000000	1.24775e-07	
23000.000000	0.0674799 	23000.000000	0.0376099 	23000.000000	0.0165946 	23000.000000	0.0165145 	23000.000000	0.0165948 	23000.000000	0.0376098 	23000.000000	1.19664e-07	
24000.000000	0.0711534 	24000.000000	0.038762  	24000.000000	0.016657  	24000.000000	0.0165778 	24000.000000	0.0166572 	24000.000000	0.0387618 	24000.000000	1.14966e-07	
25000.000000	0.0749217 	25000.000000	0.0399122 	25000.000000	0.0167168 	25000.000000	0.0166383 	25000.000000	0.0167169 	25000.000000	0.0399121 	25000.000000	1.10633e-07	
26000.000000	0.0787853 	26000.000000	0.0410605 	26000.000000	0.016774  	26000.000000	0.0166964 	26000.000000	0.0167741 	26000.000000	0.0410604 	26000.000000	1.06623e-07	
27000.000000	0.0827446 	27000.000000	0.0422071 	27000.000000	0.0168291 	27000.000000	0.0167522 	27000.000000	0.016829  	27000.000000	0.042207  	27000.000000	1.02902e-07	
28000.000000	0.0867998 	28000.000000	0.0433518 	28000.000000	0.016882  	28000.000000	0.0168059 	28000.000000	0.0168817 	28000.000000	0.0433517 	28000.000000	9.94379e-08	
29000.000000	0.0909515 	29000.000000	0.0444949 	29000.000000	0.0169328 	29000.000000	0.0168575 	29000.000000	0.0169324 	29000.000000	0.0444948 	29000.000000	9.62057e-08	
30000.000000	0.0952001 	30000.000000	0.0456362 	30000.000000	0.0169817 	30000.000000	0.0169074 	30000.000000	0.0169813 	30000.000000	0.0456361 	30000.000000	9.31827e-08	
32000.000000	0.10399   	32000.000000	0.0479138 	32000.000000	0.0170744 	32000.000000	0.017002  	32000.000000	0.0170738 	32000.000000	0.0479138 	32000.000000	8.76867e-08	
34000.000000	0.113172  	34000.000000	0.0501851 	34000.000000	0.0171609 	34000.000000	0.0170905 	34000.000000	0.0171601 	34000.000000	0.050185  	34000.000000	8.28187e-08	
36000.000000	0.122751  	36000.000000	0.0524503 	36000.000000	0.0172417 	36000.000000	0.0171737 	36000.000000	0.0172409 	36000.000000	0.0524502 	36000.000000	7.84758e-08	
38000.000000	0.132731  	38000.000000	0.0547096 	38000.000000	0.0173174 	38000.000000	0.0172521 	38000.000000	0.0173168 	38000.000000	0.0547095 	38000.000000	7.45769e-08	
40000.000000	0.143116  	40000.000000	0.0569633 	40000.000000	0.0173886 	40000.000000	0.0173262 	40000.000000	0.0173883 	40000.000000	0.0569632 	40000.000000	7.10566e-08	
42000.000000	0.153909  	42000.000000	0.0592117 	42000.000000	0.0174559 	42000.000000	0.0173965 	42000.000000	0.0174558 	42000.000000	0.0592116 	42000.000000	6.78619e-08	
44000.000000	0.165116  	44000.000000	0.0614549 	44000.000000	0.0175199 	44000.000000	0.0174632 	44000.000000	0.0175197 	44000.000000	0.0614548 	44000.000000	6.49492e-08	
46000.000000	0.176741  	46000.000000	0.0636932 	46000.000000	0.0175809 	46000.000000	0.0175268 	46000.000000	0.0175803 	46000.000000	0.0636932 	46000.000000	6.22825e-08	
48000.000000	0.188787  	48000.000000	0.0659268 	48000.000000	0.0176391 	48000.000000	0.0175875 	48000.000000	0.0176379 	48000.000000	0.0659268 	48000.000000	5.98316e-08	
50000.000000	0.20126   	50000.000000	0.0681559 	50000.000000	0.0176945 	50000.000000	0.0176456 	50000.000000	0.0176927 	50000.000000	0.0681559 	50000.000000	5.75711e-08	
