! 12C range in Si
! apply ZOOM for details
Energy (MeV/u)1	0 - [He-base] F.Hubert et al, AD&ND Tables 46(1990)1	Energy (MeV/u)2	1 - [H -base] J.F.Ziegler et al,Pergamon Press,NY(low energy)	Energy (MeV/u)3	2 - ATIMA 1.2 LS-theory (recommended for high energy)	Energy (MeV/u)4	3 - ATIMA 1.2 without LS-correction	Energy (MeV/u)5	4 - ATIMA 1.4 H.Weick, improved mean charge formula for HI	Energy (MeV/u)6	5 - Range straggling - method [0] - LISE	Energy (MeV/u)7	6 - Range straggling - method [1] - Atima	Energy (MeV/u)8	7 - Lateral range - method [0] - LISE	Energy (MeV/u)9	8 - Lateral range - method [1] - Atima	Energy (MeV/u)10	9 - Lateral range - method [2] - PDG	
0.001000	0.0499049 	0.001000	0.0499049 	0.001000	0.0436543 	0.001000	0.0436543 	0.001000	0.0436521 	0.001000	0         	0.001000	0         	0.001000	0.000560356	0.001000	0.000914356	0.001000	0.000415441	
0.002000	0.101434  	0.002000	0.0998097 	0.002000	0.0873085 	0.002000	0.0873085 	0.002000	0.0873041 	0.002000	0.00610008	0.002000	0.00610008	0.002000	0.00164095	0.002000	0.00258667	0.002000	0.00126792	
0.005000	0.238162  	0.005000	0.23223   	0.005000	0.202067  	0.005000	0.202067  	0.005000	0.202059  	0.005000	0.0072949 	0.005000	0.0072949 	0.005000	0.00598053	0.005000	0.00908511	0.005000	0.00480206	
0.008000	0.358517  	0.008000	0.348791  	0.008000	0.302855  	0.008000	0.302855  	0.008000	0.302846  	0.008000	0.0073507 	0.008000	0.0073507 	0.008000	0.0111694 	0.008000	0.0166622 	0.008000	0.0091216 	
0.010000	0.432524  	0.010000	0.420466  	0.010000	0.364913  	0.010000	0.364913  	0.010000	0.364904  	0.010000	0.00755055	0.010000	0.00755055	0.010000	0.0148941 	0.010000	0.0220345 	0.010000	0.0122535 	
0.015000	0.601502  	0.015000	0.584118  	0.015000	0.507177  	0.015000	0.507177  	0.015000	0.507166  	0.015000	0.00859214	0.015000	0.00859214	0.015000	0.0247544 	0.015000	0.0360954 	0.015000	0.020617  	
0.020000	0.74264   	0.020000	0.720809  	0.020000	0.629847  	0.020000	0.629847  	0.020000	0.629836  	0.020000	0.00980211	0.020000	0.00980211	0.020000	0.0345269 	0.020000	0.0499218 	0.020000	0.0289547 	
0.025000	0.860773  	0.025000	0.835219  	0.025000	0.735879  	0.025000	0.735879  	0.025000	0.735867  	0.025000	0.0108545 	0.025000	0.0108545 	0.025000	0.0438119 	0.025000	0.0630048 	0.025000	0.0369001 	
0.030000	0.962979  	0.030000	0.934204  	0.030000	0.830008  	0.030000	0.830008  	0.030000	0.829996  	0.030000	0.0117426 	0.030000	0.0117426 	0.030000	0.0526683 	0.030000	0.0754394 	0.030000	0.0444986 	
0.035000	1.05369   	0.035000	1.02206   	0.035000	0.915602  	0.035000	0.915602  	0.035000	0.91559   	0.035000	0.0125057 	0.035000	0.0125057 	0.035000	0.0612031 	0.035000	0.0873815 	0.035000	0.0518392 	
0.040000	1.13583   	0.040000	1.10161   	0.040000	0.994527  	0.040000	0.994527  	0.040000	0.994515  	0.040000	0.0131684 	0.040000	0.0131684 	0.040000	0.0694623 	0.040000	0.0989039 	0.040000	0.0589576 	
0.045000	1.21142   	0.045000	1.17481   	0.045000	1.06815   	0.045000	1.06815   	0.045000	1.06813   	0.045000	0.0137522 	0.045000	0.0137522 	0.045000	0.0774932 	0.045000	0.110078  	0.045000	0.0658926 	
0.050000	1.28192   	0.050000	1.24309   	0.050000	1.13748   	0.050000	1.13748   	0.050000	1.13747   	0.050000	0.0142743 	0.050000	0.0140951 	0.050000	0.085338  	0.050000	0.120965  	0.050000	0.0726788 	
0.055000	1.34841   	0.055000	1.30749   	0.055000	1.20331   	0.055000	1.20331   	0.055000	1.20329   	0.055000	0.0147477 	0.055000	0.0143082 	0.055000	0.0930342 	0.055000	0.13162   	0.055000	0.0793478 	
0.060000	1.41172   	0.060000	1.3688    	0.060000	1.26623   	0.060000	1.26623   	0.060000	1.26622   	0.060000	0.0151824 	0.060000	0.0145056 	0.060000	0.0998261 	0.060000	0.141     	0.060000	0.0852427 	
0.070000	1.53114   	0.070000	1.48446   	0.070000	1.38525   	0.070000	1.38525   	0.070000	1.38524   	0.070000	0.0159652 	0.070000	0.0148662 	0.070000	0.110872  	0.070000	0.156198  	0.070000	0.0948535 	
0.080000	1.64376   	0.080000	1.59353   	0.080000	1.4974    	0.080000	1.4974    	0.080000	1.49739   	0.080000	0.0166667 	0.080000	0.0151959 	0.080000	0.119788  	0.080000	0.168399  	0.080000	0.102636  	
0.090000	1.75183   	0.090000	1.6982    	0.090000	1.60463   	0.090000	1.60463   	0.090000	1.60462   	0.090000	0.0173144 	0.090000	0.0155066 	0.090000	0.127461  	0.090000	0.178792  	0.090000	0.109355  	
0.100000	1.85671   	0.100000	1.79977   	0.100000	1.70831   	0.100000	1.70831   	0.100000	1.70829   	0.100000	0.0179265 	0.100000	0.0158059 	0.100000	0.134045  	0.100000	0.187508  	0.100000	0.115139  	
0.120000	2.0605    	0.120000	1.99714   	0.120000	1.90864   	0.120000	1.90864   	0.120000	1.90862   	0.120000	0.0190892 	0.120000	0.0163905 	0.120000	0.145466  	0.120000	0.202481  	0.120000	0.125214  	
0.140000	2.26005   	0.140000	2.1904    	0.140000	2.10348   	0.140000	2.10348   	0.140000	2.10347   	0.140000	0.0202145 	0.140000	0.0169759 	0.140000	0.155266  	0.140000	0.215174  	0.140000	0.133904  	
0.160000	2.45779   	0.160000	2.38191   	0.160000	2.29566   	0.160000	2.29566   	0.160000	2.29564   	0.160000	0.0213322 	0.160000	0.0175756 	0.160000	0.16405   	0.160000	0.226426  	0.160000	0.141731  	
0.180000	2.65555   	0.180000	2.57344   	0.180000	2.48677   	0.180000	2.48677   	0.180000	2.48676   	0.180000	0.0224569 	0.180000	0.018196  	0.180000	0.172089  	0.180000	0.236624  	0.180000	0.148924  	
0.200000	2.85406   	0.200000	2.76569   	0.200000	2.67775   	0.200000	2.67775   	0.200000	2.67773   	0.200000	0.0235952 	0.200000	0.0188397 	0.200000	0.179659  	0.200000	0.246147  	0.200000	0.15572   	
0.250000	3.35418   	0.250000	3.25005   	0.250000	3.15747   	0.250000	3.15747   	0.250000	3.15745   	0.250000	0.0265101 	0.250000	0.0205502 	0.250000	0.196873  	0.250000	0.267526  	0.250000	0.171267  	
0.300000	3.8575    	0.300000	3.7375    	0.300000	3.64259   	0.300000	3.64259   	0.300000	3.64258   	0.300000	0.0295103 	0.300000	0.0223862 	0.300000	0.212618  	0.300000	0.286764  	0.300000	0.185581  	
0.350000	4.35673   	0.350000	4.22101   	0.350000	4.13387   	0.350000	4.13387   	0.350000	4.13386   	0.350000	0.0325703 	0.350000	0.0243186 	0.350000	0.227371  	0.350000	0.304564  	0.350000	0.199062  	
0.400000	4.8556    	0.400000	4.70416   	0.400000	4.63137   	0.400000	4.63137   	0.400000	4.63135   	0.400000	0.0356697 	0.400000	0.0263228 	0.400000	0.241368  	0.400000	0.321267  	0.400000	0.211914  	
0.450000	5.35758   	0.450000	5.19031   	0.450000	5.13231   	0.450000	5.13231   	0.450000	5.13229   	0.450000	0.0387473 	0.450000	0.0283484 	0.450000	0.254762  	0.450000	0.337099  	0.450000	0.224256  	
0.500000	5.86317   	0.500000	5.67997   	0.500000	5.63607   	0.500000	5.63607   	0.500000	5.63606   	0.500000	0.0417911 	0.500000	0.0303785 	0.500000	0.26763   	0.500000	0.352178  	0.500000	0.236154  	
0.600000	6.88145   	0.600000	6.66616   	0.600000	6.65617   	0.600000	6.65617   	0.600000	6.65616   	0.600000	0.0478509 	0.600000	0.0344765 	0.600000	0.292338  	0.600000	0.380803  	0.600000	0.259092  	
0.700000	7.91567   	0.700000	7.66779   	0.700000	7.69874   	0.700000	7.69874   	0.700000	7.69873   	0.700000	0.0539725 	0.700000	0.0386641 	0.700000	0.316037  	0.700000	0.407933  	0.700000	0.281204  	
0.800000	8.97009   	0.800000	8.68897   	0.800000	8.76942   	0.800000	8.76942   	0.800000	8.7694    	0.800000	0.0602464 	0.800000	0.0429825 	0.800000	0.339154  	0.800000	0.434159  	0.800000	0.302857  	
0.900000	10.0494   	0.900000	9.73425   	0.900000	9.86998   	0.900000	9.86998   	0.900000	9.86996   	0.900000	0.0666965 	0.900000	0.0474346 	0.900000	0.361989  	0.900000	0.459858  	0.900000	0.324303  	
1.000000	11.1546   	1.000000	10.8047   	1.000000	11.0016   	1.000000	11.0016   	1.000000	11.0016   	1.000000	0.073339  	1.000000	0.0520218 	1.000000	0.384509  	1.000000	0.485073  	1.000000	0.345519  	
1.250000	14.0495   	1.250000	13.6083   	1.250000	13.9724   	1.250000	13.9724   	1.250000	13.9724   	1.250000	0.0908697 	1.250000	0.0642323 	1.250000	0.440615  	1.250000	0.547342  	1.250000	0.398541  	
1.500000	17.1792   	1.500000	16.6394   	1.500000	17.1633   	1.500000	17.1633   	1.500000	17.1633   	1.500000	0.110004  	1.500000	0.0782689 	1.500000	0.497229  	1.500000	0.609592  	1.500000	0.452252  	
1.750000	20.5581   	1.750000	19.9118   	1.750000	20.5773   	1.750000	20.5773   	1.750000	20.5773   	1.750000	0.130758  	1.750000	0.0938119 	1.750000	0.555022  	1.750000	0.672627  	1.750000	0.507229  	
2.000000	24.1934   	2.000000	23.4326   	2.000000	24.2112   	2.000000	24.2112   	2.000000	24.2112   	2.000000	0.153072  	2.000000	0.110543  	2.000000	0.614255  	2.000000	0.736783  	2.000000	0.563691  	
2.250000	28.0991   	2.250000	27.2151   	2.250000	28.0634   	2.250000	28.0634   	2.250000	28.0633   	2.250000	0.17693   	2.250000	0.128301  	2.250000	0.674995  	2.250000	0.802269  	2.250000	0.6217    	
2.500000	32.2589   	2.500000	31.2476   	2.500000	32.1326   	2.500000	32.1326   	2.500000	32.1326   	2.500000	0.202325  	2.500000	0.146999  	2.500000	0.737543  	2.500000	0.869304  	2.500000	0.68151   	
3.000000	40.8832   	3.000000	40.027    	3.000000	40.9183   	3.000000	40.9183   	3.000000	40.9183   	3.000000	0.257727  	3.000000	0.187023  	3.000000	0.842907  	3.000000	1.00566   	3.000000	0.782762  	
3.500000	50.3923   	3.500000	49.721    	3.500000	50.5598   	3.500000	50.5598   	3.500000	50.5597   	3.500000	0.319266  	3.500000	0.230404  	3.500000	0.956055  	3.500000	1.12646   	3.500000	0.891521  	
4.000000	60.7808   	4.000000	60.3003   	4.000000	61.0481   	4.000000	61.0481   	4.000000	61.048    	4.000000	0.386914  	4.000000	0.277031  	4.000000	1.07846   	4.000000	1.25644   	4.000000	1.00923   	
4.500000	72.0412   	4.500000	71.739    	4.500000	72.3737   	4.500000	72.3737   	4.500000	72.3737   	4.500000	0.460625  	4.500000	0.326797  	4.500000	1.20989   	4.500000	1.3952    	4.500000	1.1357    	
5.000000	84.1653   	5.000000	84.0176   	5.000000	84.5271   	5.000000	84.5271   	5.000000	84.5271   	5.000000	0.540341  	5.000000	0.379618  	5.000000	1.35016   	5.000000	1.54242   	5.000000	1.27078   	
5.500000	97.145    	5.500000	97.1207   	5.500000	97.4989   	5.500000	97.4989   	5.500000	97.4988   	5.500000	0.626001  	5.500000	0.435429  	5.500000	1.49907   	5.500000	1.69781   	5.500000	1.41428   	
6.000000	110.972   	6.000000	111.036   	6.000000	111.28    	6.000000	111.28    	6.000000	111.28    	6.000000	0.717543  	6.000000	0.494174  	6.000000	1.6565    	6.000000	1.86118   	6.000000	1.56612   	
6.500000	125.638   	6.500000	125.751   	6.500000	125.861   	6.500000	125.861   	6.500000	125.861   	6.500000	0.814905  	6.500000	0.555796  	6.500000	1.82228   	6.500000	2.03231   	6.500000	1.72614   	
7.000000	141.137   	7.000000	141.258   	7.000000	141.234   	7.000000	141.234   	7.000000	141.234   	7.000000	0.918029  	7.000000	0.620244  	7.000000	1.99633   	7.000000	2.21106   	7.000000	1.89425   	
7.500000	157.459   	7.500000	157.546   	7.500000	157.392   	7.500000	157.392   	7.500000	157.391   	7.500000	1.02686   	7.500000	0.687472  	7.500000	2.17851   	7.500000	2.39727   	7.500000	2.07035   	
8.000000	174.598   	8.000000	174.608   	8.000000	174.325   	8.000000	174.325   	8.000000	174.325   	8.000000	1.14134   	8.000000	0.757436  	8.000000	2.36875   	8.000000	2.59081   	8.000000	2.25435   	
8.500000	192.548   	8.500000	192.434   	8.500000	192.028   	8.500000	192.028   	8.500000	192.028   	8.500000	1.26142   	8.500000	0.830099  	8.500000	2.56695   	8.500000	2.79158   	8.500000	2.44617   	
9.000000	211.301   	9.000000	211.019   	9.000000	210.494   	9.000000	210.494   	9.000000	210.493   	9.000000	1.38705   	9.000000	0.905421  	9.000000	2.77302   	9.000000	2.99945   	9.000000	2.64573   	
9.500000	230.851   	9.500000	230.355   	9.500000	229.715   	9.500000	229.715   	9.500000	229.715   	9.500000	1.51818   	9.500000	0.98337   	9.500000	2.9869    	9.500000	3.21435   	9.500000	2.85297   	
10.000000	251.191   	10.000000	250.432   	10.000000	249.686   	10.000000	249.686   	10.000000	249.686   	10.000000	1.65478   	10.000000	1.06391   	10.000000	3.20851   	10.000000	3.43616   	10.000000	3.06781   	
11.000000	294.221   	11.000000	292.62    	11.000000	291.888   	11.000000	291.87    	11.000000	291.882   	11.000000	1.94474   	11.000000	1.23299   	11.000000	3.67505   	11.000000	3.90059   	11.000000	3.52045   	
12.000000	340.345   	12.000000	337.738   	12.000000	337.1     	12.000000	337.032   	12.000000	337.08    	12.000000	2.25735   	12.000000	1.41287   	12.000000	4.17275   	12.000000	4.39268   	12.000000	4.00377   	
13.000000	389.519   	13.000000	385.767   	13.000000	385.296   	13.000000	385.149   	13.000000	385.257   	13.000000	2.59255   	13.000000	1.6034    	13.000000	4.70143   	13.000000	4.91215   	13.000000	4.51764   	
14.000000	441.704   	14.000000	436.683   	14.000000	436.454   	14.000000	436.202   	14.000000	436.392   	14.000000	2.95026   	14.000000	1.80445   	14.000000	5.26095   	14.000000	5.45874   	14.000000	5.06194   	
15.000000	496.861   	15.000000	490.466   	15.000000	490.553   	15.000000	490.172   	15.000000	490.467   	15.000000	3.33043   	15.000000	2.01605   	15.000000	5.85121   	15.000000	6.03223   	15.000000	5.63658   	
16.000000	554.955   	16.000000	547.091   	16.000000	547.577   	16.000000	547.044   	16.000000	547.465   	16.000000	3.73302   	16.000000	2.23815   	16.000000	6.47209   	16.000000	6.63242   	16.000000	6.24148   	
17.000000	615.951   	17.000000	606.538   	17.000000	607.505   	17.000000	606.803   	17.000000	607.369   	17.000000	4.15798   	17.000000	2.47063   	17.000000	7.1235    	17.000000	7.25914   	17.000000	6.87656   	
18.000000	679.817   	18.000000	668.784   	18.000000	670.324   	18.000000	669.436   	18.000000	670.165   	18.000000	4.60529   	18.000000	2.71338   	18.000000	7.80538   	18.000000	7.91223   	18.000000	7.54179   	
19.000000	746.522   	19.000000	733.806   	19.000000	736.021   	19.000000	734.931   	19.000000	735.839   	19.000000	5.07491   	19.000000	2.96638   	19.000000	8.51763   	19.000000	8.59153   	19.000000	8.23709   	
20.000000	816.035   	20.000000	801.583   	20.000000	804.584   	20.000000	803.277   	20.000000	804.379   	20.000000	5.56683   	20.000000	3.22968   	20.000000	9.26021   	20.000000	9.29693   	20.000000	8.96243   	
21.000000	888.329   	21.000000	872.094   	21.000000	875.999   	21.000000	874.464   	21.000000	875.774   	21.000000	6.08101   	21.000000	3.5033    	21.000000	10.0331   	21.000000	10.0283   	21.000000	9.7178    	
22.000000	963.376   	22.000000	945.318   	22.000000	950.255   	22.000000	948.484   	22.000000	950.012   	22.000000	6.61746   	22.000000	3.78719   	22.000000	10.8361   	22.000000	10.7855   	22.000000	10.5031   	
23.000000	1041.15   	23.000000	1021.23   	23.000000	1027.34   	23.000000	1025.33   	23.000000	1027.08   	23.000000	7.17615   	23.000000	4.08122   	23.000000	11.6694   	23.000000	11.5685   	23.000000	11.3185   	
24.000000	1121.63   	24.000000	1099.82   	24.000000	1107.25   	24.000000	1104.99   	24.000000	1106.98   	24.000000	7.75706   	24.000000	4.38536   	24.000000	12.5328   	24.000000	12.3772   	24.000000	12.1638   	
25.000000	1204.78   	25.000000	1181.06   	25.000000	1189.98   	25.000000	1187.45   	25.000000	1189.69   	25.000000	8.36019   	25.000000	4.69961   	25.000000	13.4263   	25.000000	13.2115   	25.000000	13.039    	
27.000000	1379.02   	27.000000	1351.43   	27.000000	1363.84   	27.000000	1360.78   	27.000000	1363.52   	27.000000	9.633     	27.000000	5.35816   	27.000000	15.3035   	27.000000	14.9565   	27.000000	14.8793   	
29.000000	1563.7    	29.000000	1532.18   	29.000000	1548.86   	29.000000	1545.25   	29.000000	1548.5    	29.000000	10.9944   	29.000000	6.05634   	29.000000	17.3008   	29.000000	16.8029   	29.000000	16.8392   	
31.000000	1758.64   	31.000000	1723.17   	31.000000	1744.84   	31.000000	1740.72   	31.000000	1744.46   	31.000000	12.442    	31.000000	6.79326   	31.000000	19.4164   	31.000000	18.7489   	31.000000	18.9173   	
33.000000	1963.68   	33.000000	1924.27   	33.000000	1951.1    	33.000000	1946.51   	33.000000	1950.69   	33.000000	13.962    	33.000000	7.56207   	33.000000	21.6413   	33.000000	20.7864   	33.000000	21.1049   	
35.000000	2178.69   	35.000000	2135.35   	35.000000	2167.38   	35.000000	2162.39   	35.000000	2166.94   	35.000000	15.5519   	35.000000	8.36103   	35.000000	23.9726   	35.000000	22.9127   	35.000000	23.3992   	
38.000000	2519.54   	38.000000	2470.38   	38.000000	2510.29   	38.000000	2504.84   	38.000000	2509.82   	38.000000	18.0666   	38.000000	9.61539   	38.000000	27.6656   	38.000000	26.265    	38.000000	27.038    	
41.000000	2882.03   	41.000000	2827.15   	41.000000	2875      	41.000000	2869.23   	41.000000	2874.52   	41.000000	20.7352   	41.000000	10.9365   	41.000000	31.5891   	41.000000	29.8082   	41.000000	30.9092   	
44.000000	3265.7    	44.000000	3205.27   	44.000000	3261.11   	44.000000	3255.18   	44.000000	3260.62   	44.000000	23.5553   	44.000000	12.3228   	44.000000	35.7383   	44.000000	33.5375   	44.000000	35.0085   	
47.000000	3670.18   	47.000000	3604.38   	47.000000	3668.25   	47.000000	3662.29   	47.000000	3667.74   	47.000000	26.5239   	47.000000	13.7737   	47.000000	40.1083   	47.000000	37.4488   	47.000000	39.3319   	
50.000000	4095.09   	50.000000	4024.1    	50.000000	4096.01   	50.000000	4090.19   	50.000000	4095.53   	50.000000	29.6384   	50.000000	15.287    	50.000000	44.6949   	50.000000	41.5379   	50.000000	43.8756   	
55.000000	4847.69   	55.000000	4768.54   	55.000000	4853.95   	55.000000	4848.66   	55.000000	4853.5    	55.000000	35.1456   	55.000000	17.9448   	55.000000	52.809    	55.000000	48.7381   	55.000000	51.9281   	
60.000000	5654.53   	60.000000	5567.83   	60.000000	5666.83   	60.000000	5662.45   	60.000000	5666.43   	60.000000	41.0372   	60.000000	20.7678   	60.000000	61.4948   	60.000000	56.4059   	60.000000	60.5667   	
65.000000	6514.18   	65.000000	6420.54   	65.000000	6533.35   	65.000000	6530.15   	65.000000	6532.93   	65.000000	47.3005   	65.000000	23.7484   	65.000000	70.7352   	65.000000	64.5267   	65.000000	69.7768   	
70.000000	7425.33   	70.000000	7325.35   	70.000000	7452.1    	70.000000	7450.45   	70.000000	7451.67   	70.000000	53.9234   	70.000000	26.8842   	70.000000	80.5142   	70.000000	73.0867   	70.000000	79.5447   	
75.000000	8386.78   	75.000000	8281      	75.000000	8421.86   	75.000000	8422.13   	75.000000	8421.45   	75.000000	60.8942   	75.000000	30.1701   	75.000000	90.8165   	75.000000	82.0733   	75.000000	89.8574   	
80.000000	9397.38   	80.000000	9286.3    	80.000000	9441.49   	80.000000	9444      	80.000000	9441.08   	80.000000	68.2016   	80.000000	33.5987   	80.000000	101.628   	80.000000	91.4748   	80.000000	100.703   	
85.000000	10456     	85.000000	10340.1   	85.000000	10509.9   	85.000000	10514.9   	85.000000	10509.5   	85.000000	75.8347   	85.000000	37.1686   	85.000000	112.934   	85.000000	101.28    	85.000000	112.069   	
90.000000	11561.8   	90.000000	11441.3   	90.000000	11625.9   	90.000000	11633.9   	90.000000	11625.5   	90.000000	83.7831   	90.000000	40.8759   	90.000000	124.722   	90.000000	111.479   	90.000000	123.945   	
95.000000	12713.6   	95.000000	12588.9   	95.000000	12788.6   	95.000000	12799.9   	95.000000	12788.3   	95.000000	92.0368   	95.000000	44.7145   	95.000000	136.98    	95.000000	122.061   	95.000000	136.319   	
100.000000	13910.7   	100.000000	13781.8   	100.000000	13997.1   	100.000000	14011.9   	100.000000	13996.8   	100.000000	100.586   	100.000000	48.6816   	100.000000	149.695   	100.000000	133.016   	100.000000	149.182   	
105.000000	15152.1   	105.000000	15019.1   	105.000000	15250.4   	105.000000	15269     	105.000000	15250     	105.000000	109.422   	105.000000	52.7737   	105.000000	162.855   	105.000000	144.337   	105.000000	162.524   	
110.000000	16437     	110.000000	16300     	110.000000	16547.5   	110.000000	16570.3   	110.000000	16547.1   	110.000000	118.535   	110.000000	56.9882   	110.000000	176.449   	110.000000	156.013   	110.000000	176.335   	
115.000000	17764.6   	115.000000	17623.4   	115.000000	17887.6   	115.000000	17914.9   	115.000000	17887.3   	115.000000	127.916   	115.000000	61.3206   	115.000000	190.467   	115.000000	168.038   	115.000000	190.606   	
120.000000	19134.2   	120.000000	18988.5   	120.000000	19269.8   	120.000000	19302     	120.000000	19269.6   	120.000000	137.558   	120.000000	65.7657   	120.000000	204.898   	120.000000	180.402   	120.000000	205.327   	
125.000000	20545.1   	125.000000	20394.6   	125.000000	20693.5   	125.000000	20730.8   	125.000000	20693.3   	125.000000	147.452   	125.000000	70.3241   	125.000000	219.731   	125.000000	193.098   	125.000000	220.49    	
130.000000	21996.6   	130.000000	21840.7   	130.000000	22157.8   	130.000000	22200.5   	130.000000	22157.6   	130.000000	157.59    	130.000000	74.9904   	130.000000	234.957   	130.000000	206.119   	130.000000	236.087   	
135.000000	23487.9   	135.000000	23326.2   	135.000000	23661.9   	135.000000	23710.3   	135.000000	23661.7   	135.000000	167.965   	135.000000	79.7629   	135.000000	250.567   	135.000000	219.458   	135.000000	252.109   	
140.000000	25018.6   	140.000000	24850.2   	140.000000	25205.1   	140.000000	25259.4   	140.000000	25205     	140.000000	178.57    	140.000000	84.6412   	140.000000	266.55    	140.000000	233.108   	140.000000	268.549   	
145.000000	26587.9   	145.000000	26412.1   	145.000000	26786.8   	145.000000	26847.3   	145.000000	26786.6   	145.000000	189.397   	145.000000	89.6196   	145.000000	282.898   	145.000000	247.061   	145.000000	285.398   	
150.000000	28195.2   	150.000000	28011.1   	150.000000	28406.1   	150.000000	28473.1   	150.000000	28405.9   	150.000000	200.439   	150.000000	94.6952   	150.000000	299.603   	150.000000	261.313   	150.000000	302.649   	
155.000000	29862.7   	155.000000	29646.6   	155.000000	30062.5   	155.000000	30136.3   	155.000000	30062.2   	155.000000	211.691   	155.000000	99.8664   	155.000000	316.655   	155.000000	275.855   	155.000000	320.295   	
160.000000	31566.3   	160.000000	31317.8   	160.000000	31755.2   	160.000000	31836     	160.000000	31754.9   	160.000000	223.145   	160.000000	105.131   	160.000000	334.047   	160.000000	290.683   	160.000000	338.329   	
165.000000	33304.7   	165.000000	33024.2   	165.000000	33483.7   	165.000000	33571.8   	165.000000	33483.3   	165.000000	234.795   	165.000000	110.487   	165.000000	351.771   	165.000000	305.791   	165.000000	356.743   	
170.000000	35077.3   	170.000000	34765.2   	170.000000	35247.2   	170.000000	35343     	170.000000	35246.8   	170.000000	246.635   	170.000000	115.933   	170.000000	369.818   	170.000000	321.172   	170.000000	375.53    	
175.000000	36883.4   	175.000000	36540     	175.000000	37045.3   	175.000000	37148.9   	175.000000	37044.8   	175.000000	258.66    	175.000000	121.466   	175.000000	388.182   	175.000000	336.822   	175.000000	394.685   	
180.000000	38722.5   	180.000000	38348.1   	180.000000	38877.3   	180.000000	38989     	180.000000	38876.8   	180.000000	270.863   	180.000000	127.085   	180.000000	406.854   	180.000000	352.734   	180.000000	414.2     	
185.000000	40594     	185.000000	40189     	185.000000	40742.6   	185.000000	40862.7   	185.000000	40742     	185.000000	283.24    	185.000000	132.788   	185.000000	425.828   	185.000000	368.904   	185.000000	434.069   	
190.000000	42497.3   	190.000000	42062.1   	190.000000	42640.7   	190.000000	42769.4   	190.000000	42640.1   	190.000000	295.784   	190.000000	138.571   	190.000000	445.096   	190.000000	385.326   	190.000000	454.285   	
195.000000	44432.1   	195.000000	43966.7   	195.000000	44571     	195.000000	44708.6   	195.000000	44570.4   	195.000000	308.491   	195.000000	144.43    	195.000000	464.653   	195.000000	401.996   	195.000000	474.844   	
200.000000	46397.7   	200.000000	45902.5   	200.000000	46533     	200.000000	46679.8   	200.000000	46532.3   	200.000000	321.355   	200.000000	150.369   	200.000000	484.49    	200.000000	418.909   	200.000000	495.738   	
210.000000	50419.5   	210.000000	49865.2   	210.000000	50549.9   	210.000000	50715.9   	210.000000	50549.3   	210.000000	347.537   	210.000000	162.473   	210.000000	524.983   	210.000000	453.442   	210.000000	538.51    	
220.000000	54558.9   	220.000000	53946.2   	220.000000	54687.5   	220.000000	54873.6   	220.000000	54686.9   	220.000000	374.292   	220.000000	174.865   	220.000000	566.524   	220.000000	488.891   	220.000000	582.556   	
230.000000	58812.3   	230.000000	58141.7   	230.000000	58941.8   	230.000000	59149     	230.000000	58941.3   	230.000000	401.585   	230.000000	187.542   	230.000000	609.067   	230.000000	525.221   	230.000000	627.834   	
240.000000	63176.2   	240.000000	62447.9   	240.000000	63309.3   	240.000000	63538.5   	240.000000	63308.8   	240.000000	429.382   	240.000000	200.48    	240.000000	652.565   	240.000000	562.398   	240.000000	674.301   	
250.000000	67647.4   	250.000000	66861.5   	250.000000	67786.2   	250.000000	68038.5   	250.000000	67785.9   	250.000000	457.652   	250.000000	213.672   	250.000000	696.976   	250.000000	600.39    	250.000000	721.918   	
260.000000	72222.7   	260.000000	71379.1   	260.000000	72369.2   	260.000000	72645.6   	260.000000	72369.2   	260.000000	486.364   	260.000000	227.107   	260.000000	742.259   	260.000000	639.168   	260.000000	770.646   	
270.000000	76899.2   	270.000000	75997.5   	270.000000	77055.6   	270.000000	77356.5   	270.000000	77055.5   	270.000000	515.49    	270.000000	240.777   	270.000000	788.374   	270.000000	678.702   	270.000000	820.448   	
280.000000	81673.9   	280.000000	80713.6   	280.000000	81841.9   	280.000000	82168     	280.000000	81841.5   	280.000000	545.005   	280.000000	254.674   	280.000000	835.284   	280.000000	718.965   	280.000000	871.288   	
290.000000	86544.1   	290.000000	85524.6   	290.000000	86725     	290.000000	87077.2   	290.000000	86724.4   	290.000000	574.881   	290.000000	268.789   	290.000000	882.953   	290.000000	759.93    	290.000000	923.132   	
300.000000	91507.2   	300.000000	90427.6   	300.000000	91701.9   	300.000000	92081.2   	300.000000	91701.3   	300.000000	605.096   	300.000000	283.116   	300.000000	931.346   	300.000000	801.572   	300.000000	975.947   	
310.000000	96560.6   	310.000000	95420     	310.000000	96769.9   	310.000000	97177.1   	310.000000	96769.3   	310.000000	635.626   	310.000000	297.647   	310.000000	980.431   	310.000000	843.866   	310.000000	1029.7    	
320.000000	101702    	320.000000	100499    	320.000000	101926    	320.000000	102362    	320.000000	101926    	320.000000	666.451   	320.000000	312.365   	320.000000	1030.18   	320.000000	886.789   	320.000000	1084.37   	
330.000000	106929    	330.000000	105663    	330.000000	107169    	330.000000	107634    	330.000000	107168    	330.000000	697.549   	330.000000	327.264   	330.000000	1080.55   	330.000000	930.318   	330.000000	1139.91   	
340.000000	112239    	340.000000	110908    	340.000000	112495    	340.000000	112990    	340.000000	112494    	340.000000	728.901   	340.000000	342.348   	340.000000	1131.53   	340.000000	974.431   	340.000000	1196.3    	
350.000000	117630    	350.000000	116233    	350.000000	117901    	350.000000	118428    	350.000000	117901    	350.000000	760.489   	350.000000	357.604   	350.000000	1183.09   	350.000000	1019.11   	350.000000	1253.52   	
360.000000	123100    	360.000000	121635    	360.000000	123387    	360.000000	123945    	360.000000	123387    	360.000000	792.296   	360.000000	373.02    	360.000000	1235.19   	360.000000	1064.33   	360.000000	1311.53   	
370.000000	128648    	370.000000	127113    	370.000000	128949    	370.000000	129540    	370.000000	128949    	370.000000	824.305   	370.000000	388.592   	370.000000	1287.81   	370.000000	1110.07   	370.000000	1370.31   	
380.000000	134270    	380.000000	132664    	380.000000	134586    	380.000000	135210    	380.000000	134586    	380.000000	856.5     	380.000000	404.315   	380.000000	1340.94   	380.000000	1156.32   	380.000000	1429.84   	
390.000000	139966    	390.000000	138286    	390.000000	140295    	390.000000	140952    	390.000000	140295    	390.000000	888.867   	390.000000	420.182   	390.000000	1394.54   	390.000000	1203.06   	390.000000	1490.09   	
400.000000	145732    	400.000000	143977    	400.000000	146075    	400.000000	146766    	400.000000	146075    	400.000000	921.392   	400.000000	436.198   	400.000000	1448.59   	400.000000	1250.27   	400.000000	1551.04   	
410.000000	151569    	410.000000	149735    	410.000000	151923    	410.000000	152649    	410.000000	151923    	410.000000	954.06    	410.000000	452.365   	410.000000	1503.07   	410.000000	1297.93   	410.000000	1612.66   	
420.000000	157473    	420.000000	155560    	420.000000	157838    	420.000000	158599    	420.000000	157837    	420.000000	986.86    	420.000000	468.666   	420.000000	1557.97   	420.000000	1346.03   	420.000000	1674.94   	
430.000000	163443    	430.000000	161448    	430.000000	163817    	430.000000	164614    	430.000000	163817    	430.000000	1019.78   	430.000000	485.084   	430.000000	1613.26   	430.000000	1394.55   	430.000000	1737.85   	
440.000000	169478    	440.000000	167399    	440.000000	169859    	440.000000	170693    	440.000000	169859    	440.000000	1052.81   	440.000000	501.62    	440.000000	1668.92   	440.000000	1443.48   	440.000000	1801.37   	
450.000000	175576    	450.000000	173410    	450.000000	175962    	450.000000	176834    	450.000000	175963    	450.000000	1085.93   	450.000000	518.277   	450.000000	1724.94   	450.000000	1492.8    	450.000000	1865.49   	
460.000000	181736    	460.000000	179480    	460.000000	182126    	460.000000	183035    	460.000000	182126    	460.000000	1119.14   	460.000000	535.055   	460.000000	1781.3    	460.000000	1542.5    	460.000000	1930.18   	
470.000000	187955    	470.000000	185608    	470.000000	188347    	470.000000	189295    	470.000000	188348    	470.000000	1152.43   	470.000000	551.948   	470.000000	1837.97   	470.000000	1592.57   	470.000000	1995.42   	
480.000000	194233    	480.000000	191792    	480.000000	194626    	480.000000	195611    	480.000000	194626    	480.000000	1185.78   	480.000000	568.954   	480.000000	1894.96   	480.000000	1642.99   	480.000000	2061.2    	
490.000000	200569    	490.000000	198031    	490.000000	200960    	490.000000	201984    	490.000000	200960    	490.000000	1219.2    	490.000000	586.069   	490.000000	1952.23   	490.000000	1693.74   	490.000000	2127.51   	
500.000000	206960    	500.000000	204323    	500.000000	207347    	500.000000	208411    	500.000000	207347    	500.000000	1252.66   	500.000000	603.292   	500.000000	2009.78   	500.000000	1744.83   	500.000000	2194.31   	
520.000000	219905    	520.000000	217061    	520.000000	220277    	520.000000	221422    	520.000000	220277    	520.000000	1319.71   	520.000000	638.024   	520.000000	2125.64   	520.000000	1847.93   	520.000000	2329.37   	
540.000000	233059    	540.000000	229998    	540.000000	233406    	540.000000	234633    	540.000000	233406    	540.000000	1386.87   	540.000000	673.116   	540.000000	2242.45   	540.000000	1952.21   	540.000000	2466.25   	
560.000000	246411    	560.000000	243122    	560.000000	246723    	560.000000	248035    	560.000000	246724    	560.000000	1454.09   	560.000000	708.579   	560.000000	2360.09   	560.000000	2057.57   	560.000000	2604.84   	
580.000000	259953    	580.000000	256426    	580.000000	260220    	580.000000	261618    	580.000000	260221    	580.000000	1521.31   	580.000000	744.38    	580.000000	2478.48   	580.000000	2163.95   	580.000000	2745.03   	
600.000000	273676    	600.000000	269900    	600.000000	273888    	600.000000	275374    	600.000000	273889    	600.000000	1588.51   	600.000000	780.479   	600.000000	2597.54   	600.000000	2271.26   	600.000000	2886.71   	
620.000000	287573    	620.000000	283537    	620.000000	287718    	620.000000	289293    	620.000000	287719    	620.000000	1655.63   	620.000000	816.864   	620.000000	2717.18   	620.000000	2379.45   	620.000000	3029.79   	
640.000000	301635    	640.000000	297329    	640.000000	301704    	640.000000	303368    	640.000000	301704    	640.000000	1722.64   	640.000000	853.545   	640.000000	2837.33   	640.000000	2488.43   	640.000000	3174.17   	
660.000000	315855    	660.000000	311268    	660.000000	315836    	660.000000	317592    	660.000000	315837    	660.000000	1789.51   	660.000000	890.521   	660.000000	2957.93   	660.000000	2598.16   	660.000000	3319.77   	
680.000000	330226    	680.000000	325349    	680.000000	330109    	680.000000	331958    	680.000000	330109    	680.000000	1856.22   	680.000000	927.763   	680.000000	3078.91   	680.000000	2708.57   	680.000000	3466.51   	
700.000000	344742    	700.000000	339563    	700.000000	344515    	700.000000	346458    	700.000000	344515    	700.000000	1922.74   	700.000000	965.242   	700.000000	3200.21   	700.000000	2819.61   	700.000000	3614.31   	
720.000000	359395    	720.000000	353906    	720.000000	359048    	720.000000	361087    	720.000000	359049    	720.000000	1989.04   	720.000000	1002.95   	720.000000	3321.79   	720.000000	2931.24   	720.000000	3763.1    	
740.000000	374181    	740.000000	368371    	740.000000	373702    	740.000000	375839    	740.000000	373704    	740.000000	2055.1    	740.000000	1040.88   	740.000000	3443.59   	740.000000	3043.4    	740.000000	3912.8    	
760.000000	389092    	760.000000	382953    	760.000000	388473    	760.000000	390708    	760.000000	388476    	760.000000	2120.91   	760.000000	1079.02   	760.000000	3565.57   	760.000000	3156.04   	760.000000	4063.36   	
780.000000	404124    	780.000000	397646    	780.000000	403355    	780.000000	405689    	780.000000	403358    	780.000000	2186.45   	780.000000	1117.37   	780.000000	3687.68   	780.000000	3269.13   	780.000000	4214.71   	
800.000000	419271    	800.000000	412445    	800.000000	418344    	800.000000	420776    	800.000000	418345    	800.000000	2251.71   	800.000000	1155.9    	800.000000	3809.88   	800.000000	3382.63   	800.000000	4366.8    	
820.000000	434529    	820.000000	427346    	820.000000	433433    	820.000000	435965    	820.000000	433434    	820.000000	2316.67   	820.000000	1194.6    	820.000000	3932.14   	820.000000	3496.5    	820.000000	4519.56   	
840.000000	449891    	840.000000	442345    	840.000000	448616    	840.000000	451249    	840.000000	448617    	840.000000	2381.3    	840.000000	1233.45   	840.000000	4054.41   	840.000000	3610.69   	840.000000	4672.94   	
860.000000	465354    	860.000000	457435    	860.000000	463889    	860.000000	466624    	860.000000	463889    	860.000000	2445.57   	860.000000	1272.46   	860.000000	4176.63   	860.000000	3725.15   	860.000000	4826.85   	
880.000000	480913    	880.000000	472615    	880.000000	479246    	880.000000	482085    	880.000000	479247    	880.000000	2509.49   	880.000000	1311.63   	880.000000	4298.8    	880.000000	3839.86   	880.000000	4981.27   	
900.000000	496563    	900.000000	487878    	900.000000	494686    	900.000000	497628    	900.000000	494687    	900.000000	2573.05   	900.000000	1350.94   	900.000000	4420.87   	900.000000	3954.79   	900.000000	5136.15   	
920.000000	512301    	920.000000	503223    	920.000000	510203    	920.000000	513250    	920.000000	510204    	920.000000	2636.23   	920.000000	1390.39   	920.000000	4542.83   	920.000000	4069.91   	920.000000	5291.44   	
940.000000	528123    	940.000000	518644    	940.000000	525794    	940.000000	528947    	940.000000	525796    	940.000000	2699.05   	940.000000	1429.95   	940.000000	4664.65   	940.000000	4185.19   	940.000000	5447.11   	
960.000000	544024    	960.000000	534139    	960.000000	541457    	960.000000	544716    	960.000000	541460    	960.000000	2761.49   	960.000000	1469.63   	960.000000	4786.31   	960.000000	4300.61   	960.000000	5603.12   	
980.000000	560001    	980.000000	549704    	980.000000	557188    	980.000000	560553    	980.000000	557191    	980.000000	2823.55   	980.000000	1509.44   	980.000000	4907.79   	980.000000	4416.14   	980.000000	5759.44   	
1000.000000	576050    	1000.000000	565336    	1000.000000	572984    	1000.000000	576456    	1000.000000	572988    	1000.000000	2885.24   	1000.000000	1549.38   	1000.000000	5029.08   	1000.000000	4531.77   	1000.000000	5916.03   	
1020.000000	592168    	1020.000000	581032    	1020.000000	588843    	1020.000000	592423    	1020.000000	588847    	1020.000000	2946.54   	1020.000000	1589.45   	1020.000000	5150.15   	1020.000000	4647.48   	1020.000000	6072.86   	
1040.000000	608352    	1040.000000	596789    	1040.000000	604763    	1040.000000	608449    	1040.000000	604765    	1040.000000	3007.47   	1040.000000	1629.64   	1040.000000	5270.99   	1040.000000	4763.23   	1040.000000	6229.9    	
1060.000000	624598    	1060.000000	612605    	1060.000000	620739    	1060.000000	624533    	1060.000000	620741    	1060.000000	3068.01   	1060.000000	1669.93   	1060.000000	5391.58   	1060.000000	4879.03   	1060.000000	6387.13   	
1080.000000	640904    	1080.000000	628475    	1080.000000	636770    	1080.000000	640672    	1080.000000	636771    	1080.000000	3128.17   	1080.000000	1710.33   	1080.000000	5511.92   	1080.000000	4994.84   	1080.000000	6544.51   	
1100.000000	657266    	1100.000000	644399    	1100.000000	652852    	1100.000000	656863    	1100.000000	652854    	1100.000000	3187.94   	1100.000000	1750.83   	1100.000000	5631.99   	1100.000000	5110.65   	1100.000000	6702.03   	
1120.000000	673682    	1120.000000	660373    	1120.000000	668985    	1120.000000	673105    	1120.000000	668986    	1120.000000	3247.34   	1120.000000	1791.43   	1120.000000	5751.78   	1120.000000	5226.45   	1120.000000	6859.65   	
1140.000000	690149    	1140.000000	676395    	1140.000000	685165    	1140.000000	689395    	1140.000000	685166    	1140.000000	3306.36   	1140.000000	1832.13   	1140.000000	5871.28   	1140.000000	5342.22   	1140.000000	7017.36   	
1160.000000	706664    	1160.000000	692463    	1160.000000	701392    	1160.000000	705732    	1160.000000	701392    	1160.000000	3365      	1160.000000	1872.95   	1160.000000	5990.48   	1160.000000	5457.94   	1160.000000	7175.13   	
1180.000000	723225    	1180.000000	708574    	1180.000000	717661    	1180.000000	722112    	1180.000000	717662    	1180.000000	3423.26   	1180.000000	1913.87   	1180.000000	6109.37   	1180.000000	5573.61   	1180.000000	7332.94   	
1200.000000	739829    	1200.000000	724726    	1200.000000	733973    	1200.000000	738535    	1200.000000	733974    	1200.000000	3481.14   	1200.000000	1954.9    	1200.000000	6227.94   	1200.000000	5689.22   	1200.000000	7490.78   	
1220.000000	756474    	1220.000000	740918    	1220.000000	750325    	1220.000000	754999    	1220.000000	750326    	1220.000000	3538.66   	1220.000000	1996.03   	1220.000000	6346.18   	1220.000000	5804.74   	1220.000000	7648.62   	
1240.000000	773157    	1240.000000	757148    	1240.000000	766715    	1240.000000	771501    	1240.000000	766717    	1240.000000	3595.8    	1240.000000	2037.25   	1240.000000	6464.09   	1240.000000	5920.17   	1240.000000	7806.45   	
1260.000000	789877    	1260.000000	773412    	1260.000000	783141    	1260.000000	788040    	1260.000000	783144    	1260.000000	3652.57   	1260.000000	2078.56   	1260.000000	6581.67   	1260.000000	6035.5    	1260.000000	7964.24   	
1280.000000	806631    	1280.000000	789711    	1280.000000	799603    	1280.000000	804614    	1280.000000	799607    	1280.000000	3708.97   	1280.000000	2119.96   	1280.000000	6698.9    	1280.000000	6150.72   	1280.000000	8122      	
1300.000000	823417    	1300.000000	806041    	1300.000000	816099    	1300.000000	821223    	1300.000000	816103    	1300.000000	3765.01   	1300.000000	2161.43   	1300.000000	6815.78   	1300.000000	6265.82   	1300.000000	8279.69   	
1320.000000	840234    	1320.000000	822401    	1320.000000	832626    	1320.000000	837864    	1320.000000	832631    	1320.000000	3820.68   	1320.000000	2202.99   	1320.000000	6932.31   	1320.000000	6380.78   	1320.000000	8437.3    	
1340.000000	857078    	1340.000000	838790    	1340.000000	849185    	1340.000000	854536    	1340.000000	849191    	1340.000000	3876      	1340.000000	2244.62   	1340.000000	7048.48   	1340.000000	6495.61   	1340.000000	8594.83   	
1360.000000	873949    	1360.000000	855206    	1360.000000	865773    	1360.000000	871238    	1360.000000	865779    	1360.000000	3930.96   	1360.000000	2286.34   	1360.000000	7164.29   	1360.000000	6610.3    	1360.000000	8752.25   	
1380.000000	890845    	1380.000000	871648    	1380.000000	882390    	1380.000000	887969    	1380.000000	882397    	1380.000000	3985.57   	1380.000000	2328.13   	1380.000000	7279.73   	1380.000000	6724.83   	1380.000000	8909.57   	
1400.000000	907763    	1400.000000	888114    	1400.000000	899035    	1400.000000	904726    	1400.000000	899041    	1400.000000	4039.83   	1400.000000	2370      	1400.000000	7394.81   	1400.000000	6839.2    	1400.000000	9066.75   	
1420.000000	924702    	1420.000000	904602    	1420.000000	915705    	1420.000000	921510    	1420.000000	915711    	1420.000000	4093.74   	1420.000000	2411.96   	1420.000000	7509.52   	1420.000000	6953.4    	1420.000000	9223.8    	
1440.000000	941661    	1440.000000	921111    	1440.000000	932400    	1440.000000	938318    	1440.000000	932406    	1440.000000	4147.3    	1440.000000	2453.99   	1440.000000	7623.85   	1440.000000	7067.43   	1440.000000	9380.71   	
1460.000000	958638    	1460.000000	937640    	1460.000000	949119    	1460.000000	955151    	1460.000000	949124    	1460.000000	4200.52   	1460.000000	2496.09   	1460.000000	7737.81   	1460.000000	7181.28   	1460.000000	9537.45   	
1480.000000	975631    	1480.000000	954188    	1480.000000	965861    	1480.000000	972006    	1480.000000	965865    	1480.000000	4253.41   	1480.000000	2538.27   	1480.000000	7851.4    	1480.000000	7294.95   	1480.000000	9694.03   	
1500.000000	992639    	1500.000000	970754    	1500.000000	982624    	1500.000000	988883    	1500.000000	982628    	1500.000000	4305.96   	1500.000000	2580.53   	1500.000000	7964.6    	1500.000000	7408.42   	1500.000000	9850.44   	
1520.000000	1.00966e+06	1520.000000	987336    	1520.000000	999408    	1520.000000	1.00578e+06	1520.000000	999411    	1520.000000	4358.18   	1520.000000	2622.86   	1520.000000	8077.43   	1520.000000	7521.7    	1520.000000	10006.7   	
1540.000000	1.02669e+06	1540.000000	1.00393e+06	1540.000000	1.01621e+06	1540.000000	1.0227e+06	1540.000000	1.01621e+06	1540.000000	4410.07   	1540.000000	2665.26   	1540.000000	8189.88   	1540.000000	7634.78   	1540.000000	10162.7   	
1560.000000	1.04374e+06	1560.000000	1.02054e+06	1560.000000	1.03303e+06	1560.000000	1.03963e+06	1560.000000	1.03304e+06	1560.000000	4461.63   	1560.000000	2707.74   	1560.000000	8301.94   	1560.000000	7747.66   	1560.000000	10318.5   	
1580.000000	1.06079e+06	1580.000000	1.03717e+06	1580.000000	1.04987e+06	1580.000000	1.05659e+06	1580.000000	1.04988e+06	1580.000000	4512.87   	1580.000000	2750.28   	1580.000000	8413.63   	1580.000000	7860.33   	1580.000000	10474.1   	
1600.000000	1.07785e+06	1600.000000	1.0538e+06	1600.000000	1.06673e+06	1600.000000	1.07356e+06	1600.000000	1.06673e+06	1600.000000	4563.79   	1600.000000	2792.9    	1600.000000	8524.93   	1600.000000	7972.79   	1600.000000	10629.5   	
1620.000000	1.09492e+06	1620.000000	1.07045e+06	1620.000000	1.0836e+06	1620.000000	1.09055e+06	1620.000000	1.08361e+06	1620.000000	4614.4    	1620.000000	2835.59   	1620.000000	8635.85   	1620.000000	8085.03   	1620.000000	10784.7   	
1640.000000	1.112e+06 	1640.000000	1.08711e+06	1640.000000	1.10049e+06	1640.000000	1.10755e+06	1640.000000	1.10049e+06	1640.000000	4664.69   	1640.000000	2878.35   	1640.000000	8746.39   	1640.000000	8197.05   	1640.000000	10939.7   	
1660.000000	1.12907e+06	1660.000000	1.10377e+06	1660.000000	1.1174e+06	1660.000000	1.12457e+06	1660.000000	1.1174e+06	1660.000000	4714.68   	1660.000000	2921.18   	1660.000000	8856.55   	1660.000000	8308.85   	1660.000000	11094.4   	
1680.000000	1.14616e+06	1680.000000	1.12045e+06	1680.000000	1.13431e+06	1680.000000	1.1416e+06	1680.000000	1.13432e+06	1680.000000	4764.36   	1680.000000	2964.09   	1680.000000	8966.32   	1680.000000	8420.43   	1680.000000	11248.9   	
1700.000000	1.16324e+06	1700.000000	1.13713e+06	1700.000000	1.15124e+06	1700.000000	1.15865e+06	1700.000000	1.15125e+06	1700.000000	4813.73   	1700.000000	3007.06   	1700.000000	9075.72   	1700.000000	8531.78   	1700.000000	11403.2   	
1750.000000	1.20596e+06	1750.000000	1.17886e+06	1750.000000	1.19363e+06	1750.000000	1.20132e+06	1750.000000	1.19363e+06	1750.000000	4935.87   	1750.000000	3114.79   	1750.000000	9347.55   	1750.000000	8809.13   	1750.000000	11787.7   	
1800.000000	1.24866e+06	1800.000000	1.22061e+06	1800.000000	1.23608e+06	1800.000000	1.24406e+06	1800.000000	1.23608e+06	1800.000000	5056.18   	1800.000000	3222.93   	1800.000000	9617.01   	1800.000000	9085.02   	1800.000000	12170.7   	
1850.000000	1.29135e+06	1850.000000	1.26238e+06	1850.000000	1.2786e+06	1850.000000	1.28687e+06	1850.000000	1.2786e+06	1850.000000	5174.72   	1850.000000	3331.45   	1850.000000	9884.12   	1850.000000	9359.4    	1850.000000	12551.9   	
1900.000000	1.334e+06 	1900.000000	1.30416e+06	1900.000000	1.32116e+06	1900.000000	1.32973e+06	1900.000000	1.32117e+06	1900.000000	5291.53   	1900.000000	3440.34   	1900.000000	10148.9   	1900.000000	9632.25   	1900.000000	12931.4   	
1950.000000	1.37661e+06	1950.000000	1.34594e+06	1950.000000	1.36378e+06	1950.000000	1.37263e+06	1950.000000	1.36379e+06	1950.000000	5406.66   	1950.000000	3549.59   	1950.000000	10411.4   	1950.000000	9903.55   	1950.000000	13309.2   	
2000.000000	1.41916e+06	2000.000000	1.3877e+06	2000.000000	1.40643e+06	2000.000000	1.41558e+06	2000.000000	1.40644e+06	2000.000000	5520.16   	2000.000000	3659.19   	2000.000000	10671.6   	2000.000000	10173.3   	2000.000000	13685.2   	
2100.000000	1.50403e+06	2100.000000	1.47115e+06	2100.000000	1.49184e+06	2100.000000	1.50156e+06	2100.000000	1.49185e+06	2100.000000	5742.42   	2100.000000	3879.5    	2100.000000	11185.2   	2100.000000	10708     	2100.000000	14431.5   	
2200.000000	1.58856e+06	2200.000000	1.55445e+06	2200.000000	1.57734e+06	2200.000000	1.58764e+06	2200.000000	1.57735e+06	2200.000000	5958.66   	2200.000000	4101.31   	2200.000000	11690     	2200.000000	11236.4   	2200.000000	15170.4   	
2300.000000	1.67268e+06	2300.000000	1.63756e+06	2300.000000	1.6629e+06	2300.000000	1.67378e+06	2300.000000	1.66291e+06	2300.000000	6169.19   	2300.000000	4324.65   	2300.000000	12186.3   	2300.000000	11758.5   	2300.000000	15901.6   	
2400.000000	1.75633e+06	2400.000000	1.72043e+06	2400.000000	1.74849e+06	2400.000000	1.75994e+06	2400.000000	1.7485e+06	2400.000000	6374.32   	2400.000000	4549.5    	2400.000000	12674.2   	2400.000000	12274.2   	2400.000000	16625.1   	
2500.000000	1.83946e+06	2500.000000	1.80302e+06	2500.000000	1.83408e+06	2500.000000	1.8461e+06	2500.000000	1.83409e+06	2500.000000	6574.33   	2500.000000	4775.83   	2500.000000	13154.1   	2500.000000	12783.6   	2500.000000	17340.9   	
2600.000000	1.92203e+06	2600.000000	1.8853e+06	2600.000000	1.91965e+06	2600.000000	1.93224e+06	2600.000000	1.91966e+06	2600.000000	6769.47   	2600.000000	5003.6    	2600.000000	13626.1   	2600.000000	13286.8   	2600.000000	18049     	
2700.000000	2.00402e+06	2700.000000	1.96724e+06	2700.000000	2.00518e+06	2700.000000	2.01834e+06	2700.000000	2.00519e+06	2700.000000	6960.01   	2700.000000	5232.78   	2700.000000	14090.5   	2700.000000	13783.8   	2700.000000	18749.4   	
2800.000000	2.08539e+06	2800.000000	2.04882e+06	2800.000000	2.09066e+06	2800.000000	2.10438e+06	2800.000000	2.09067e+06	2800.000000	7146.16   	2800.000000	5463.35   	2800.000000	14547.6   	2800.000000	14274.8   	2800.000000	19442.3   	
2900.000000	2.16611e+06	2900.000000	2.13002e+06	2900.000000	2.17607e+06	2900.000000	2.19036e+06	2900.000000	2.17608e+06	2900.000000	7328.14   	2900.000000	5695.3    	2900.000000	14997.6   	2900.000000	14759.8   	2900.000000	20127.6   	
3000.000000	2.24617e+06	3000.000000	2.21082e+06	3000.000000	2.2614e+06	3000.000000	2.27625e+06	3000.000000	2.26141e+06	3000.000000	7506.15   	3000.000000	5928.6    	3000.000000	15440.8   	3000.000000	15239     	3000.000000	20805.5   	
3200.000000	2.40425e+06	3200.000000	2.37117e+06	3200.000000	2.43179e+06	3200.000000	2.44777e+06	3200.000000	2.43181e+06	3200.000000	7851.01   	3200.000000	6399.22   	3200.000000	16307.3   	3200.000000	16180.3   	3200.000000	22139.5   	
3400.000000	2.5595e+06	3400.000000	2.52978e+06	3400.000000	2.60178e+06	3400.000000	2.61887e+06	3400.000000	2.6018e+06	3400.000000	8182.09   	3400.000000	6875.12   	3400.000000	17148.9   	3400.000000	17099.6   	3400.000000	23445.2   	
3600.000000	2.71188e+06	3600.000000	2.68659e+06	3600.000000	2.77132e+06	3600.000000	2.78952e+06	3600.000000	2.77134e+06	3600.000000	8500.6    	3600.000000	7356.24   	3600.000000	17967.2   	3600.000000	17997.9   	3600.000000	24723.6   	
3800.000000	2.86136e+06	3800.000000	2.84155e+06	3800.000000	2.94039e+06	3800.000000	2.95969e+06	3800.000000	2.94042e+06	3800.000000	8807.58   	3800.000000	7842.49   	3800.000000	18763.5   	3800.000000	18875.9   	3800.000000	25975.8   	
4000.000000	3.00793e+06	4000.000000	2.99465e+06	4000.000000	3.10897e+06	4000.000000	3.12936e+06	4000.000000	3.109e+06 	4000.000000	9103.96   	4000.000000	8333.82   	4000.000000	19539.3   	4000.000000	19734.8   	4000.000000	27202.8   	
4200.000000	3.15159e+06	4200.000000	3.14586e+06	4200.000000	3.27705e+06	4200.000000	3.29852e+06	4200.000000	3.27708e+06	4200.000000	9390.57   	4200.000000	8830.17   	4200.000000	20295.7   	4200.000000	20575.2   	4200.000000	28405.6   	
4400.000000	3.29238e+06	4400.000000	3.2952e+06	4400.000000	3.44462e+06	4400.000000	3.46716e+06	4400.000000	3.44465e+06	4400.000000	9668.14   	4400.000000	9331.47   	4400.000000	21033.9   	4400.000000	21398     	4400.000000	29585.2   	
4600.000000	3.43033e+06	4600.000000	3.44267e+06	4600.000000	3.61169e+06	4600.000000	3.63529e+06	4600.000000	3.61172e+06	4600.000000	9937.32   	4600.000000	9837.69   	4600.000000	21754.9   	4600.000000	22204.1   	4600.000000	30742.5   	
4800.000000	3.56547e+06	4800.000000	3.58828e+06	4800.000000	3.77825e+06	4800.000000	3.8029e+06	4800.000000	3.77828e+06	4800.000000	10198.7   	4800.000000	10348.8   	4800.000000	22459.6   	4800.000000	22994.1   	4800.000000	31878.6   	
5000.000000	3.69787e+06	5000.000000	3.73206e+06	5000.000000	3.9443e+06	5000.000000	3.97001e+06	5000.000000	3.94434e+06	5000.000000	10452.8   	5000.000000	10864.6   	5000.000000	23148.9   	5000.000000	23768.8   	5000.000000	32994.1   	
5250.000000	3.85958e+06	5250.000000	3.90923e+06	5250.000000	4.15118e+06	5250.000000	4.17818e+06	5250.000000	4.15122e+06	5250.000000	10761     	5250.000000	11516.2   	5250.000000	23990.2   	5250.000000	24716.6   	5250.000000	34361     	
5500.000000	4.01718e+06	5500.000000	4.08362e+06	5500.000000	4.3573e+06	5500.000000	4.38559e+06	5500.000000	4.35734e+06	5500.000000	11059.3   	5500.000000	12175     	5500.000000	24810.1   	5500.000000	25642.7   	5500.000000	35698.8   	
6000.000000	4.32054e+06	6000.000000	4.42428e+06	6000.000000	4.76732e+06	6000.000000	4.79815e+06	6000.000000	4.76736e+06	6000.000000	11629.5   	6000.000000	13514.3   	6000.000000	26391     	6000.000000	27434.1   	6000.000000	38292.5   	
6500.000000	4.60889e+06	6500.000000	4.7545e+06	6500.000000	5.17452e+06	6500.000000	5.20784e+06	6500.000000	5.17456e+06	6500.000000	12168.4   	6500.000000	14881.8   	6500.000000	27900.9   	6500.000000	29151     	6500.000000	40785.6   	
7000.000000	4.88317e+06	7000.000000	5.07478e+06	7000.000000	5.57903e+06	7000.000000	5.61481e+06	7000.000000	5.57907e+06	7000.000000	12680     	7000.000000	16276.8   	7000.000000	29347.3   	7000.000000	30800.6   	7000.000000	43187     	
7500.000000	5.14428e+06	7500.000000	5.38561e+06	7500.000000	5.98101e+06	7500.000000	6.01921e+06	7500.000000	5.98105e+06	7500.000000	13167.6   	7500.000000	17698.6   	7500.000000	30736.6   	7500.000000	32388.8   	7500.000000	45504.8   	
8000.000000	5.39307e+06	8000.000000	5.68747e+06	8000.000000	6.38061e+06	8000.000000	6.42119e+06	8000.000000	6.38064e+06	8000.000000	13633.9   	8000.000000	19146.6   	8000.000000	32074.5   	8000.000000	33920.9   	8000.000000	47745.8   	
8500.000000	5.63035e+06	8500.000000	5.98082e+06	8500.000000	6.77793e+06	8500.000000	6.82086e+06	8500.000000	6.77796e+06	8500.000000	14081.2   	8500.000000	20620.1   	8500.000000	33365.5   	8500.000000	35401.6   	8500.000000	49916.2   	
9000.000000	5.85687e+06	9000.000000	6.26609e+06	9000.000000	7.17311e+06	9000.000000	7.21837e+06	9000.000000	7.17315e+06	9000.000000	14511.3   	9000.000000	22118.1   	9000.000000	34613.7   	9000.000000	36834.9   	9000.000000	52021.4   	
9500.000000	6.07332e+06	9500.000000	6.54369e+06	9500.000000	7.56626e+06	9500.000000	7.61382e+06	9500.000000	7.5663e+06	9500.000000	14925.8   	9500.000000	23640.1   	9500.000000	35822.7   	9500.000000	38224.5   	9500.000000	54066.1   	
10000.000000	6.28035e+06	10000.000000	6.81401e+06	10000.000000	7.9575e+06	10000.000000	8.00732e+06	10000.000000	7.95754e+06	10000.000000	15326.3   	10000.000000	25186     	10000.000000	36995.6   	10000.000000	39573.4   	10000.000000	56054.7   	
11000.000000	6.66846e+06	11000.000000	7.33422e+06	11000.000000	8.73462e+06	11000.000000	8.78888e+06	11000.000000	8.73464e+06	11000.000000	16089.6   	11000.000000	28347.8   	11000.000000	39243.5   	11000.000000	42160.6   	11000.000000	59878.2   	
12000.000000	7.02541e+06	12000.000000	7.82934e+06	12000.000000	9.50514e+06	12000.000000	9.56373e+06	12000.000000	9.50514e+06	12000.000000	16809     	12000.000000	31597.5   	12000.000000	41375.7   	12000.000000	44615.8   	12000.000000	63518.3   	
13000.000000	7.3548e+06	13000.000000	8.30166e+06	13000.000000	1.02696e+07	13000.000000	1.03325e+07	13000.000000	1.02696e+07	13000.000000	17490.9   	13000.000000	34930.3   	13000.000000	43406.8   	13000.000000	46955     	13000.000000	66996.1   	
14000.000000	7.65971e+06	14000.000000	8.75319e+06	14000.000000	1.10286e+07	14000.000000	1.10957e+07	14000.000000	1.10286e+07	14000.000000	18140     	14000.000000	38345.1   	14000.000000	45348.8   	14000.000000	49191     	14000.000000	70329.6   	
15000.000000	7.94279e+06	15000.000000	9.1857e+06	15000.000000	1.17826e+07	15000.000000	1.18537e+07	15000.000000	1.17826e+07	15000.000000	18760.4   	15000.000000	41840.8   	15000.000000	47211.5   	15000.000000	51334.7   	15000.000000	73533.5   	
16000.000000	8.20629e+06	16000.000000	9.60073e+06	16000.000000	1.25319e+07	16000.000000	1.26071e+07	16000.000000	1.25319e+07	16000.000000	19355.2   	16000.000000	45415.1   	16000.000000	49002.9   	16000.000000	53395.3   	16000.000000	76620.4   	
17000.000000	8.4522e+06	17000.000000	9.99968e+06	17000.000000	1.32769e+07	17000.000000	1.3356e+07	17000.000000	1.32769e+07	17000.000000	19927.3   	17000.000000	49064.4   	17000.000000	50730.1   	17000.000000	55380.6   	17000.000000	79601     	
18000.000000	8.68223e+06	18000.000000	1.03837e+07	18000.000000	1.40179e+07	18000.000000	1.41008e+07	18000.000000	1.40179e+07	18000.000000	20478.9   	18000.000000	52785.1   	18000.000000	52398.8   	18000.000000	57297.3   	18000.000000	82484.5   	
19000.000000	8.89787e+06	19000.000000	1.0754e+07	19000.000000	1.47552e+07	19000.000000	1.48418e+07	19000.000000	1.47551e+07	19000.000000	21011.8   	19000.000000	56573.9   	19000.000000	54014.1   	19000.000000	59151.1   	19000.000000	85279.1   	
20000.000000	9.10043e+06	20000.000000	1.11115e+07	20000.000000	1.54889e+07	20000.000000	1.55793e+07	20000.000000	1.54888e+07	20000.000000	21527.9   	20000.000000	60428     	20000.000000	55580.5   	20000.000000	60947.1   	20000.000000	87991.6   	
21000.000000	9.29107e+06	21000.000000	1.14571e+07	21000.000000	1.62193e+07	21000.000000	1.63133e+07	21000.000000	1.62191e+07	21000.000000	22028.4   	21000.000000	64345.2   	21000.000000	57101.7   	21000.000000	62689.7   	21000.000000	90628.3   	
22000.000000	9.47081e+06	22000.000000	1.17915e+07	22000.000000	1.69466e+07	22000.000000	1.70442e+07	22000.000000	1.69464e+07	22000.000000	22514.6   	22000.000000	68326.8   	22000.000000	58581.1   	22000.000000	64382.9   	22000.000000	93194.6   	
23000.000000	9.64056e+06	23000.000000	1.21154e+07	23000.000000	1.76709e+07	23000.000000	1.77721e+07	23000.000000	1.76708e+07	23000.000000	22987.7   	23000.000000	72371.9   	23000.000000	60021.7   	23000.000000	66030.1   	23000.000000	95695.4   	
24000.000000	9.80113e+06	24000.000000	1.24296e+07	24000.000000	1.83925e+07	24000.000000	1.84971e+07	24000.000000	1.83923e+07	24000.000000	23448.6   	24000.000000	76476.4   	24000.000000	61426.1   	24000.000000	67634.5   	24000.000000	98134.9   	
25000.000000	9.95324e+06	25000.000000	1.27346e+07	25000.000000	1.91114e+07	25000.000000	1.92195e+07	25000.000000	1.91112e+07	25000.000000	23898.1   	25000.000000	80637.9   	25000.000000	62796.7   	25000.000000	69198.8   	25000.000000	100517    	
26000.000000	1.00975e+07	26000.000000	1.30309e+07	26000.000000	1.98278e+07	26000.000000	1.99392e+07	26000.000000	1.98276e+07	26000.000000	24337     	26000.000000	84855.8   	26000.000000	64135.6   	26000.000000	70725.5   	26000.000000	102846    	
27000.000000	1.02346e+07	27000.000000	1.33191e+07	27000.000000	2.05418e+07	27000.000000	2.06565e+07	27000.000000	2.05416e+07	27000.000000	24766.1   	27000.000000	89130.4   	27000.000000	65444.7   	27000.000000	72216.8   	27000.000000	105123    	
28000.000000	1.0365e+07	28000.000000	1.35996e+07	28000.000000	2.12536e+07	28000.000000	2.13715e+07	28000.000000	2.12534e+07	28000.000000	25185.8   	28000.000000	93461.4   	28000.000000	66725.8   	28000.000000	73674.9   	28000.000000	107353    	
29000.000000	1.04891e+07	29000.000000	1.38727e+07	29000.000000	2.19631e+07	29000.000000	2.20843e+07	29000.000000	2.19629e+07	29000.000000	25596.8   	29000.000000	97846.5   	29000.000000	67980.4   	29000.000000	75101.6   	29000.000000	109538    	
30000.000000	1.06074e+07	30000.000000	1.41389e+07	30000.000000	2.26706e+07	30000.000000	2.27949e+07	30000.000000	2.26704e+07	30000.000000	25999.5   	30000.000000	102283    	30000.000000	69210.1   	30000.000000	76498.5   	30000.000000	111680    	
32000.000000	1.08282e+07	32000.000000	1.4652e+07	32000.000000	2.40796e+07	32000.000000	2.421e+07 	32000.000000	2.40795e+07	32000.000000	26782.1   	32000.000000	111305    	32000.000000	71599.3   	32000.000000	79209.4   	32000.000000	115845    	
34000.000000	1.10301e+07	34000.000000	1.51412e+07	34000.000000	2.54812e+07	34000.000000	2.56175e+07	34000.000000	2.54812e+07	34000.000000	27536.8   	34000.000000	120528    	34000.000000	73902.8   	34000.000000	81818.6   	34000.000000	119863    	
36000.000000	1.12154e+07	36000.000000	1.56088e+07	36000.000000	2.68761e+07	36000.000000	2.70179e+07	36000.000000	2.68761e+07	36000.000000	28266.2   	36000.000000	129945    	36000.000000	76128.4   	36000.000000	84335.4   	36000.000000	123747    	
38000.000000	1.1386e+07	38000.000000	1.60567e+07	38000.000000	2.82646e+07	38000.000000	2.84118e+07	38000.000000	2.82646e+07	38000.000000	28972.7   	38000.000000	139544    	38000.000000	78283     	38000.000000	86768     	38000.000000	127510    	
40000.000000	1.15435e+07	40000.000000	1.64865e+07	40000.000000	2.96472e+07	40000.000000	2.97996e+07	40000.000000	2.96473e+07	40000.000000	29658.2   	40000.000000	149311    	40000.000000	80372.2   	40000.000000	89123.2   	40000.000000	131160    	
42000.000000	1.16894e+07	42000.000000	1.68996e+07	42000.000000	3.10244e+07	42000.000000	3.11816e+07	42000.000000	3.10245e+07	42000.000000	30324.5   	42000.000000	159237    	42000.000000	82401.3   	42000.000000	91407.2   	42000.000000	134706    	
44000.000000	1.18249e+07	44000.000000	1.72973e+07	44000.000000	3.23963e+07	44000.000000	3.25581e+07	44000.000000	3.23965e+07	44000.000000	30973.2   	44000.000000	169323    	44000.000000	84374.6   	44000.000000	93625.3   	44000.000000	138157    	
46000.000000	1.1951e+07	46000.000000	1.76808e+07	46000.000000	3.37634e+07	46000.000000	3.39295e+07	46000.000000	3.37636e+07	46000.000000	31605.4   	46000.000000	179567    	46000.000000	86296.3   	46000.000000	95782.3   	46000.000000	141518    	
48000.000000	1.20686e+07	48000.000000	1.8051e+07	48000.000000	3.51259e+07	48000.000000	3.52961e+07	48000.000000	3.51262e+07	48000.000000	32222.4   	48000.000000	189971    	48000.000000	88169.7   	48000.000000	97882.5   	48000.000000	144796    	
50000.000000	1.21786e+07	50000.000000	1.84089e+07	50000.000000	3.6484e+07	50000.000000	3.66581e+07	50000.000000	3.64844e+07	50000.000000	32825.2   	50000.000000	200532    	50000.000000	89998.1   	50000.000000	99929.4   	50000.000000	147997    	
