Energy (MeV/u)1	0 - [He-base] F.Hubert et al, AD&ND Tables 46(1990)1	Energy (MeV/u)2	1 - [H -base] J.F.Ziegler et al, Pergamon Press, NY (low energy)	Energy (MeV/u)3	2 - ATIMA 1.2  LS-theory (recommended for high energy)	Energy (MeV/u)4	3 - ATIMA 1.2  without LS-correction	Energy (MeV/u)5	4 - electrical component of [1] - J.F.Ziegler et al	Energy (MeV/u)6	5 - nuclear component of [1] - J.F.Ziegler et al	
0.001000	0.37817   	0.001000	0.37817   	0.001000	0.414939  	0.001000	0.414939  	0.001000	0.125079  	0.001000	0.253091  	
0.002000	0.381701  	0.002000	0.381701  	0.002000	0.425776  	0.002000	0.425776  	0.002000	0.162207  	0.002000	0.219493  	
0.005000	0.385848  	0.005000	0.385848  	0.005000	0.441405  	0.005000	0.441405  	0.005000	0.228717  	0.005000	0.157131  	
0.008000	0.397719  	0.008000	0.397719  	0.008000	0.460022  	0.008000	0.460022  	0.008000	0.272799  	0.008000	0.12492   	
0.010000	0.407322  	0.010000	0.407322  	0.010000	0.473035  	0.010000	0.473035  	0.010000	0.296609  	0.010000	0.110713  	
0.015000	0.445661  	0.015000	0.445661  	0.015000	0.517759  	0.015000	0.517759  	0.015000	0.358261  	0.015000	0.0873999 	
0.020000	0.539236  	0.020000	0.539236  	0.020000	0.614423  	0.020000	0.614423  	0.020000	0.466207  	0.020000	0.0730289 	
0.025000	0.652334  	0.025000	0.652334  	0.025000	0.718528  	0.025000	0.718528  	0.025000	0.589183  	0.025000	0.0631504 	
0.030000	0.769362  	0.030000	0.769362  	0.030000	0.8168    	0.030000	0.8168    	0.030000	0.71348   	0.030000	0.0558816 	
0.035000	0.886749  	0.035000	0.886749  	0.035000	0.913832  	0.035000	0.913832  	0.035000	0.836472  	0.035000	0.0502772 	
0.040000	1.00183   	0.040000	1.00183   	0.040000	1.00833   	0.040000	1.00833   	0.040000	0.956028  	0.040000	0.0458059 	
0.045000	1.11226   	0.045000	1.11226   	0.045000	1.09902   	0.045000	1.09902   	0.045000	1.07051   	0.045000	0.0417502 	
0.050000	1.21749   	0.050000	1.21749   	0.050000	1.18608   	0.050000	1.18608   	0.050000	1.17877   	0.050000	0.038727  	
0.055000	1.31596   	0.055000	1.31596   	0.055000	1.26869   	0.055000	1.26869   	0.055000	1.27981   	0.055000	0.0361536 	
0.060000	1.39608   	0.060000	1.39608   	0.060000	1.3466    	0.060000	1.3466    	0.060000	1.36215   	0.060000	0.0339335 	
0.070000	1.53604   	0.070000	1.53604   	0.070000	1.48804   	0.070000	1.48804   	0.070000	1.50575   	0.070000	0.0302896 	
0.080000	1.65107   	0.080000	1.65107   	0.080000	1.61071   	0.080000	1.61071   	0.080000	1.62366   	0.080000	0.0274157 	
0.090000	1.74479   	0.090000	1.74479   	0.090000	1.71592   	0.090000	1.71592   	0.090000	1.71971   	0.090000	0.0250849 	
0.100000	1.82108   	0.100000	1.82108   	0.100000	1.8055    	0.100000	1.8055    	0.100000	1.79793   	0.100000	0.0231523 	
0.120000	1.93888   	0.120000	1.93888   	0.120000	1.94576   	0.120000	1.94576   	0.120000	1.91876   	0.120000	0.0201241 	
0.140000	2.02925   	0.140000	2.02925   	0.140000	2.04655   	0.140000	2.04655   	0.140000	2.0114    	0.140000	0.017851  	
0.160000	2.0966    	0.160000	2.0966    	0.160000	2.11998   	0.160000	2.11998   	0.160000	2.08052   	0.160000	0.0160758 	
0.180000	2.14947   	0.180000	2.14947   	0.180000	2.1748    	0.180000	2.1748    	0.180000	2.13482   	0.180000	0.0146473 	
0.200000	2.19278   	0.200000	2.19278   	0.200000	2.217     	0.200000	2.217     	0.200000	2.17931   	0.200000	0.0134705 	
0.250000	2.28903   	0.250000	2.28903   	0.250000	2.29003   	0.250000	2.29003   	0.250000	2.27777   	0.250000	0.0112643 	
0.300000	2.3588    	0.300000	2.3588    	0.300000	2.33822   	0.300000	2.33822   	0.300000	2.34908   	0.300000	0.00971912	
0.350000	2.40841   	0.350000	2.40841   	0.350000	2.38034   	0.350000	2.38034   	0.350000	2.39984   	0.350000	0.00857142	
0.400000	2.47383   	0.400000	2.47383   	0.400000	2.44784   	0.400000	2.44784   	0.400000	2.46615   	0.400000	0.00768246	
0.450000	2.53198   	0.450000	2.53198   	0.450000	2.49852   	0.450000	2.49852   	0.450000	2.52501   	0.450000	0.00697192	
0.500000	2.57441   	0.500000	2.57441   	0.500000	2.53614   	0.500000	2.53614   	0.500000	2.56802   	0.500000	0.00638991	
0.600000	2.62455   	0.600000	2.62455   	0.600000	2.58213   	0.600000	2.58213   	0.600000	2.61906   	0.600000	0.00549102	
0.700000	2.62648   	0.700000	2.62648   	0.700000	2.60035   	0.700000	2.60035   	0.700000	2.62166   	0.700000	0.00482696	
0.800000	2.60905   	0.800000	2.60905   	0.800000	2.58136   	0.800000	2.58136   	0.800000	2.60473   	0.800000	0.00431483	
0.900000	2.57557   	0.900000	2.57557   	0.900000	2.55386   	0.900000	2.55386   	0.900000	2.57167   	0.900000	0.00390694	
1.000000	2.53752   	1.000000	2.53752   	1.000000	2.52164   	1.000000	2.52164   	1.000000	2.53395   	1.000000	0.00357383	
1.250000	2.42518   	1.250000	2.42518   	1.250000	2.42726   	1.250000	2.42726   	1.250000	2.42222   	1.250000	0.00295665	
1.500000	2.31179   	1.500000	2.31179   	1.500000	2.31346   	1.500000	2.31346   	1.500000	2.30926   	1.500000	0.00253031	
1.750000	2.2042    	1.750000	2.2042    	1.750000	2.21164   	1.750000	2.21164   	1.750000	2.20198   	1.750000	0.00221699	
2.000000	2.10619   	2.000000	2.10619   	2.000000	2.11929   	2.000000	2.11929   	2.000000	2.10422   	2.000000	0.00197636	
2.250000	2.01587   	2.250000	2.01587   	2.250000	2.03491   	2.250000	2.03491   	2.250000	2.01408   	2.250000	0.00178537	
2.500000	2.00623   	2.500000	1.93551   	2.500000	1.95738   	2.500000	1.95738   	2.500000	1.93388   	2.500000	0.00162987	
3.000000	1.86672   	3.000000	1.79784   	3.000000	1.8197    	3.000000	1.8197    	3.000000	1.79645   	3.000000	0.00139145	
3.500000	1.74193   	3.500000	1.68115   	3.500000	1.7011    	3.500000	1.7011    	3.500000	1.67993   	3.500000	0.00121674	
4.000000	1.63141   	4.000000	1.57986   	4.000000	1.59787   	4.000000	1.59787   	4.000000	1.57878   	4.000000	0.0010829 	
4.500000	1.53358   	4.500000	1.49102   	4.500000	1.50719   	4.500000	1.50719   	4.500000	1.49004   	4.500000	0.000976883	
5.000000	1.44675   	5.000000	1.41239   	5.000000	1.42688   	5.000000	1.42688   	5.000000	1.4115    	5.000000	0.000890712	
5.500000	1.36934   	5.500000	1.34227   	5.500000	1.35525   	5.500000	1.35525   	5.500000	1.34146   	5.500000	0.000819211	
6.000000	1.3       	6.000000	1.27932   	6.000000	1.29093   	6.000000	1.29093   	6.000000	1.27856   	6.000000	0.00075887	
6.500000	1.23759   	6.500000	1.22246   	6.500000	1.23286   	6.500000	1.23286   	6.500000	1.22175   	6.500000	0.000707226	
7.000000	1.18114   	7.000000	1.17083   	7.000000	1.18014   	7.000000	1.18014   	7.000000	1.17017   	7.000000	0.000662497	
7.500000	1.12987   	7.500000	1.12374   	7.500000	1.13206   	7.500000	1.13206   	7.500000	1.12311   	7.500000	0.000623359	
8.000000	1.0831    	8.000000	1.08058   	8.000000	1.08802   	8.000000	1.08802   	8.000000	1.07999   	8.000000	0.000588809	
8.500000	1.04027   	8.500000	1.04088   	8.500000	1.04752   	8.500000	1.04752   	8.500000	1.04032   	8.500000	0.000558071	
9.000000	1.00091   	9.000000	1.00422   	9.000000	1.01014   	9.000000	1.01014   	9.000000	1.00369   	9.000000	0.000530539	
9.500000	0.964605  	9.500000	0.970265  	9.500000	0.975536  	9.500000	0.975536  	9.500000	0.969759  	9.500000	0.000505727	
10.000000	0.931023  	10.000000	0.942946  	10.000000	0.943395  	10.000000	0.943395  	10.000000	0.942463  	10.000000	0.000483244	
11.000000	0.870878  	11.000000	0.885337  	11.000000	0.883715  	11.000000	0.885891  	11.000000	0.884892  	11.000000	0.000444049	
12.000000	0.818563  	12.000000	0.834441  	12.000000	0.831385  	12.000000	0.835077  	12.000000	0.83403   	12.000000	0.000411008	
13.000000	0.772637  	13.000000	0.789206  	13.000000	0.785099  	13.000000	0.789847  	13.000000	0.788823  	13.000000	0.000382758	
14.000000	0.731989  	14.000000	0.748772  	14.000000	0.74384   	14.000000	0.749321  	14.000000	0.748414  	14.000000	0.000358311	
15.000000	0.695752  	15.000000	0.712435  	15.000000	0.706808  	15.000000	0.712798  	15.000000	0.712098  	15.000000	0.000336938	
16.000000	0.66324   	16.000000	0.679617  	16.000000	0.673385  	16.000000	0.679706  	16.000000	0.679299  	16.000000	0.000318084	
17.000000	0.6339    	17.000000	0.649838  	17.000000	0.643068  	17.000000	0.64958   	17.000000	0.649537  	17.000000	0.000301323	
18.000000	0.607286  	18.000000	0.622703  	18.000000	0.61544   	18.000000	0.622037  	18.000000	0.622416  	18.000000	0.000286318	
19.000000	0.58303   	19.000000	0.597877  	19.000000	0.590142  	19.000000	0.596754  	19.000000	0.597604  	19.000000	0.000272804	
20.000000	0.560829  	20.000000	0.575082  	20.000000	0.566872  	20.000000	0.573465  	20.000000	0.574821  	20.000000	0.000260566	
21.000000	0.540429  	21.000000	0.55408   	21.000000	0.545398  	21.000000	0.551941  	21.000000	0.553831  	21.000000	0.000249428	
22.000000	0.521617  	22.000000	0.534669  	22.000000	0.525536  	22.000000	0.531989  	22.000000	0.53443   	22.000000	0.000239246	
23.000000	0.504213  	23.000000	0.516676  	23.000000	0.507116  	23.000000	0.513442  	23.000000	0.516446  	23.000000	0.000229901	
24.000000	0.488061  	24.000000	0.499951  	24.000000	0.489988  	24.000000	0.496158  	24.000000	0.49973   	24.000000	0.000221291	
25.000000	0.47303   	25.000000	0.484366  	25.000000	0.474012  	25.000000	0.480013  	25.000000	0.484152  	25.000000	0.000213332	
27.000000	0.445886  	27.000000	0.456179  	27.000000	0.445039  	27.000000	0.450718  	27.000000	0.45598   	27.000000	0.000199087	
29.000000	0.422034  	29.000000	0.431374  	29.000000	0.419529  	29.000000	0.424843  	29.000000	0.431187  	29.000000	0.000186704	
31.000000	0.400902  	31.000000	0.409377  	31.000000	0.397791  	31.000000	0.40248   	31.000000	0.409201  	31.000000	0.000175835	
33.000000	0.382043  	33.000000	0.389736  	33.000000	0.379148  	33.000000	0.38314   	33.000000	0.38957   	33.000000	0.000166213	
35.000000	0.365103  	35.000000	0.372091  	35.000000	0.362424  	35.000000	0.365792  	35.000000	0.371933  	35.000000	0.000157634	
38.000000	0.342687  	38.000000	0.348745  	38.000000	0.340192  	38.000000	0.342872  	38.000000	0.348599  	38.000000	0.000146373	
41.000000	0.323221  	41.000000	0.328484  	41.000000	0.320919  	41.000000	0.323002  	41.000000	0.328347  	41.000000	0.000136675	
44.000000	0.30615   	44.000000	0.31073   	44.000000	0.303955  	44.000000	0.305604  	44.000000	0.310602  	44.000000	0.000128234	
47.000000	0.291049  	47.000000	0.295044  	47.000000	0.288974  	47.000000	0.290237  	47.000000	0.294923  	47.000000	0.000120816	
50.000000	0.277591  	50.000000	0.281082  	50.000000	0.275593  	50.000000	0.276561  	50.000000	0.280967  	50.000000	0.000114243	
55.000000	0.25813   	55.000000	0.26093   	55.000000	0.256247  	55.000000	0.256819  	55.000000	0.260826  	55.000000	0.000104805	
60.000000	0.241632  	60.000000	0.243889  	60.000000	0.239835  	60.000000	0.240117  	60.000000	0.243792  	60.000000	9.68638e-05	
65.000000	0.227455  	65.000000	0.229285  	65.000000	0.225733  	65.000000	0.225794  	65.000000	0.229195  	65.000000	9.00858e-05	
70.000000	0.215132  	70.000000	0.216626  	70.000000	0.213457  	70.000000	0.213369  	70.000000	0.216541  	70.000000	8.42298e-05	
75.000000	0.204316  	75.000000	0.205544  	75.000000	0.202738  	75.000000	0.202483  	75.000000	0.205465  	75.000000	7.91173e-05	
80.000000	0.194739  	80.000000	0.195761  	80.000000	0.193202  	80.000000	0.192865  	80.000000	0.195686  	80.000000	7.46134e-05	
85.000000	0.186197  	85.000000	0.187058  	85.000000	0.184734  	85.000000	0.184301  	85.000000	0.186987  	85.000000	7.06143e-05	
90.000000	0.178527  	90.000000	0.179264  	90.000000	0.17714   	90.000000	0.176626  	90.000000	0.179197  	90.000000	6.70384e-05	
95.000000	0.171598  	95.000000	0.172244  	95.000000	0.170268  	95.000000	0.169707  	95.000000	0.17218   	95.000000	6.38211e-05	
100.000000	0.165305  	100.000000	0.165885  	100.000000	0.164038  	100.000000	0.163436  	100.000000	0.165824  	100.000000	6.09105e-05	
105.000000	0.159563  	105.000000	0.160099  	105.000000	0.158363  	105.000000	0.157725  	105.000000	0.160041  	105.000000	5.8264e-05	
110.000000	0.154301  	110.000000	0.15481   	110.000000	0.153172  	110.000000	0.152502  	110.000000	0.154755  	110.000000	5.58468e-05	
115.000000	0.14946   	115.000000	0.149957  	115.000000	0.148403  	115.000000	0.147706  	115.000000	0.149904  	115.000000	5.36299e-05	
120.000000	0.144989  	120.000000	0.145487  	120.000000	0.144011  	120.000000	0.143286  	120.000000	0.145436  	120.000000	5.15892e-05	
125.000000	0.140846  	125.000000	0.141357  	125.000000	0.139942  	125.000000	0.1392    	125.000000	0.141307  	125.000000	4.97041e-05	
130.000000	0.136997  	130.000000	0.137529  	130.000000	0.136157  	130.000000	0.135411  	130.000000	0.137481  	130.000000	4.79574e-05	
135.000000	0.133409  	135.000000	0.13397   	135.000000	0.132652  	135.000000	0.131888  	135.000000	0.133924  	135.000000	4.6334e-05	
140.000000	0.130057  	140.000000	0.130653  	140.000000	0.129375  	140.000000	0.128603  	140.000000	0.130609  	140.000000	4.48212e-05	
145.000000	0.126918  	145.000000	0.127555  	145.000000	0.126308  	145.000000	0.125533  	145.000000	0.127511  	145.000000	4.34079e-05	
150.000000	0.12397   	150.000000	0.124653  	150.000000	0.123447  	150.000000	0.122657  	150.000000	0.124611  	150.000000	4.20845e-05	
155.000000	0.119569  	155.000000	0.12193   	155.000000	0.120752  	155.000000	0.119957  	155.000000	0.121889  	155.000000	4.08426e-05	
160.000000	0.117134  	160.000000	0.11937   	160.000000	0.118215  	160.000000	0.117419  	160.000000	0.11933   	160.000000	3.96747e-05	
165.000000	0.114837  	165.000000	0.116958  	165.000000	0.115835  	165.000000	0.115027  	165.000000	0.11692   	165.000000	3.85744e-05	
170.000000	0.112665  	170.000000	0.114683  	170.000000	0.113582  	170.000000	0.112769  	170.000000	0.114645  	170.000000	3.75358e-05	
175.000000	0.11061   	175.000000	0.112531  	175.000000	0.111446  	175.000000	0.110635  	175.000000	0.112495  	175.000000	3.65539e-05	
180.000000	0.108661  	180.000000	0.110495  	180.000000	0.109425  	180.000000	0.108615  	180.000000	0.110459  	180.000000	3.56241e-05	
185.000000	0.10681   	185.000000	0.108564  	185.000000	0.107509  	185.000000	0.106699  	185.000000	0.108529  	185.000000	3.47422e-05	
190.000000	0.10505   	190.000000	0.106731  	190.000000	0.105689  	190.000000	0.10488   	190.000000	0.106697  	190.000000	3.39047e-05	
195.000000	0.103375  	195.000000	0.104988  	195.000000	0.103959  	195.000000	0.10315   	195.000000	0.104955  	195.000000	3.31081e-05	
200.000000	0.101778  	200.000000	0.103329  	200.000000	0.102312  	200.000000	0.101504  	200.000000	0.103297  	200.000000	3.23496e-05	
210.000000	0.0987986 	210.000000	0.100241  	210.000000	0.0992449 	210.000000	0.0984393 	210.000000	0.10021   	210.000000	3.09362e-05	
220.000000	0.0960733 	220.000000	0.0974231 	220.000000	0.0964473 	220.000000	0.095644  	220.000000	0.0973934 	220.000000	2.96455e-05	
230.000000	0.0935711 	230.000000	0.0948428 	230.000000	0.0938854 	230.000000	0.0930845 	230.000000	0.0948144 	230.000000	2.84623e-05	
240.000000	0.0912653 	240.000000	0.0924713 	240.000000	0.0915309 	240.000000	0.0907327 	240.000000	0.0924439 	240.000000	2.73733e-05	
250.000000	0.0891336 	250.000000	0.0902841 	250.000000	0.08936   	250.000000	0.0885644 	250.000000	0.0902577 	250.000000	2.63676e-05	
260.000000	0.0871569 	260.000000	0.0882608 	260.000000	0.0873523 	260.000000	0.0865594 	260.000000	0.0882354 	260.000000	2.54359e-05	
270.000000	0.0853189 	270.000000	0.0863839 	270.000000	0.0854904 	270.000000	0.0847002 	270.000000	0.0863593 	270.000000	2.45702e-05	
280.000000	0.0836055 	280.000000	0.084638  	280.000000	0.0837592 	280.000000	0.0829717 	280.000000	0.0846143 	280.000000	2.37637e-05	
290.000000	0.0820044 	290.000000	0.0830102 	290.000000	0.0821453 	290.000000	0.0813609 	290.000000	0.0829872 	290.000000	2.30104e-05	
300.000000	0.080505  	300.000000	0.081489  	300.000000	0.0806393 	300.000000	0.0798565 	300.000000	0.0814667 	300.000000	2.23052e-05	
310.000000	0.079098  	310.000000	0.0800644 	310.000000	0.0792269 	310.000000	0.0784484 	310.000000	0.0800428 	310.000000	2.16435e-05	
320.000000	0.0777752 	320.000000	0.0787277 	320.000000	0.0778967 	320.000000	0.0771281 	320.000000	0.0787066 	320.000000	2.10213e-05	
330.000000	0.0765292 	330.000000	0.0774711 	330.000000	0.0766512 	330.000000	0.0758876 	330.000000	0.0774506 	330.000000	2.04353e-05	
340.000000	0.0753537 	340.000000	0.0762877 	340.000000	0.0754825 	340.000000	0.0747203 	340.000000	0.0762679 	340.000000	1.98823e-05	
350.000000	0.074243  	350.000000	0.0751716 	350.000000	0.0743798 	350.000000	0.0736201 	350.000000	0.0751523 	350.000000	1.93595e-05	
360.000000	0.0731918 	360.000000	0.0741173 	360.000000	0.0733394 	360.000000	0.0725815 	360.000000	0.0740984 	360.000000	1.88645e-05	
370.000000	0.0721958 	370.000000	0.0731199 	370.000000	0.0723555 	370.000000	0.0715997 	370.000000	0.0731015 	370.000000	1.83951e-05	
380.000000	0.0712506 	380.000000	0.0721751 	380.000000	0.0714201 	380.000000	0.0706703 	380.000000	0.0721571 	380.000000	1.79494e-05	
390.000000	0.0703527 	390.000000	0.0712789 	390.000000	0.0705321 	390.000000	0.0697895 	390.000000	0.0712614 	390.000000	1.75255e-05	
400.000000	0.0694987 	400.000000	0.0704278 	400.000000	0.0696927 	400.000000	0.0689536 	400.000000	0.0704107 	400.000000	1.7122e-05	
410.000000	0.0686855 	410.000000	0.0696187 	410.000000	0.0688976 	410.000000	0.0681595 	410.000000	0.069602  	410.000000	1.67373e-05	
420.000000	0.0679104 	420.000000	0.0688486 	420.000000	0.0681416 	420.000000	0.0674043 	420.000000	0.0688322 	420.000000	1.63702e-05	
430.000000	0.0671708 	430.000000	0.0681148 	430.000000	0.06742   	430.000000	0.0666853 	430.000000	0.0680988 	430.000000	1.60194e-05	
440.000000	0.0664645 	440.000000	0.0674151 	440.000000	0.0667295 	440.000000	0.0660001 	440.000000	0.0673994 	440.000000	1.56839e-05	
450.000000	0.0657894 	450.000000	0.0667471 	450.000000	0.0660703 	450.000000	0.0653465 	450.000000	0.0667317 	450.000000	1.53626e-05	
460.000000	0.0651435 	460.000000	0.0661089 	460.000000	0.0654429 	460.000000	0.0647225 	460.000000	0.0660938 	460.000000	1.50548e-05	
470.000000	0.0645251 	470.000000	0.0654985 	470.000000	0.0648453 	470.000000	0.0641263 	470.000000	0.0654838 	470.000000	1.47595e-05	
480.000000	0.0639325 	480.000000	0.0649145 	480.000000	0.0642742 	480.000000	0.0635561 	480.000000	0.0649    	480.000000	1.4476e-05	
490.000000	0.0633643 	490.000000	0.0643551 	490.000000	0.0637267 	490.000000	0.0630104 	490.000000	0.0643408 	490.000000	1.42035e-05	
500.000000	0.0628191 	500.000000	0.0638189 	500.000000	0.0632013 	500.000000	0.0624877 	500.000000	0.0638049 	500.000000	1.39415e-05	
520.000000	0.0617926 	520.000000	0.062811  	520.000000	0.0622121 	520.000000	0.0615063 	520.000000	0.0627975 	520.000000	1.34466e-05	
540.000000	0.0608438 	540.000000	0.0618814 	540.000000	0.0613042 	540.000000	0.0606023 	540.000000	0.0618684 	540.000000	1.29867e-05	
560.000000	0.0599649 	560.000000	0.0610218 	560.000000	0.0604663 	560.000000	0.0597676 	560.000000	0.0610093 	560.000000	1.25584e-05	
580.000000	0.0591491 	580.000000	0.0602253 	580.000000	0.0596861 	580.000000	0.058995  	580.000000	0.0602132 	580.000000	1.21584e-05	
600.000000	0.0583904 	600.000000	0.0594858 	600.000000	0.0589658 	600.000000	0.0582785 	600.000000	0.059474  	600.000000	1.17841e-05	
620.000000	0.0576835 	620.000000	0.0587978 	620.000000	0.0582979 	620.000000	0.0576125 	620.000000	0.0587863 	620.000000	1.14328e-05	
640.000000	0.0570239 	640.000000	0.0581566 	640.000000	0.0576721 	640.000000	0.0569925 	640.000000	0.0581455 	640.000000	1.11027e-05	
660.000000	0.0564076 	660.000000	0.0575581 	660.000000	0.0570887 	660.000000	0.0564143 	660.000000	0.0575473 	660.000000	1.07917e-05	
680.000000	0.0558309 	680.000000	0.0569987 	680.000000	0.056547  	680.000000	0.0558741 	680.000000	0.0569882 	680.000000	1.04983e-05	
700.000000	0.0552905 	700.000000	0.056475  	700.000000	0.0560393 	700.000000	0.0553687 	700.000000	0.0564648 	700.000000	1.0221e-05	
720.000000	0.0547838 	720.000000	0.0559842 	720.000000	0.0555608 	720.000000	0.0548952 	720.000000	0.0559743 	720.000000	9.95846e-06	
740.000000	0.054308  	740.000000	0.0555237 	740.000000	0.0551123 	740.000000	0.054451  	740.000000	0.055514  	740.000000	9.70955e-06	
760.000000	0.053861  	760.000000	0.0550911 	760.000000	0.0546936 	760.000000	0.0540338 	760.000000	0.0550817 	760.000000	9.47321e-06	
780.000000	0.0534405 	780.000000	0.0546844 	780.000000	0.0543001 	780.000000	0.0536414 	780.000000	0.0546752 	780.000000	9.24851e-06	
800.000000	0.0530448 	800.000000	0.0543016 	800.000000	0.0539275 	800.000000	0.053272  	800.000000	0.0542926 	800.000000	9.0346e-06	
820.000000	0.0526721 	820.000000	0.0539411 	820.000000	0.0535769 	820.000000	0.0529256 	820.000000	0.0539323 	820.000000	8.8307e-06	
840.000000	0.0523209 	840.000000	0.0536013 	840.000000	0.0532552 	840.000000	0.052607  	840.000000	0.0535927 	840.000000	8.63613e-06	
860.000000	0.0519898 	860.000000	0.0532808 	860.000000	0.0529533 	860.000000	0.0523062 	860.000000	0.0532723 	860.000000	8.45025e-06	
880.000000	0.0516775 	880.000000	0.0529782 	880.000000	0.0526683 	880.000000	0.052022  	880.000000	0.05297   	880.000000	8.27247e-06	
900.000000	0.0513828 	900.000000	0.0526925 	900.000000	0.0523979 	900.000000	0.0517534 	900.000000	0.0526844 	900.000000	8.10229e-06	
920.000000	0.0511046 	920.000000	0.0524226 	920.000000	0.0521406 	920.000000	0.0514992 	920.000000	0.0524147 	920.000000	7.93921e-06	
940.000000	0.050842  	940.000000	0.0521674 	940.000000	0.0518968 	940.000000	0.0512585 	940.000000	0.0521596 	940.000000	7.7828e-06	
960.000000	0.050594  	960.000000	0.0519261 	960.000000	0.0516664 	960.000000	0.0510305 	960.000000	0.0519185 	960.000000	7.63264e-06	
980.000000	0.0503598 	980.000000	0.0516979 	980.000000	0.0514492 	980.000000	0.0508143 	980.000000	0.0516904 	980.000000	7.48838e-06	
1000.000000	0.0501386 	1000.000000	0.0514819 	1000.000000	0.0512436 	1000.000000	0.0506093 	1000.000000	0.0514746 	1000.000000	7.34965e-06	
1020.000000	0.0499298 	1020.000000	0.0512775 	1020.000000	0.0510483 	1020.000000	0.0504147 	1020.000000	0.0512703 	1020.000000	7.21615e-06	
1040.000000	0.0497326 	1040.000000	0.051084  	1040.000000	0.0508619 	1040.000000	0.05023   	1040.000000	0.0510769 	1040.000000	7.08759e-06	
1060.000000	0.0495464 	1060.000000	0.0509008 	1060.000000	0.0506842 	1060.000000	0.0500545 	1060.000000	0.0508939 	1060.000000	6.96368e-06	
1080.000000	0.0493707 	1080.000000	0.0507274 	1080.000000	0.0505149 	1080.000000	0.0498878 	1080.000000	0.0507206 	1080.000000	6.84418e-06	
1100.000000	0.0492049 	1100.000000	0.0505632 	1100.000000	0.0503543 	1100.000000	0.0497292 	1100.000000	0.0505565 	1100.000000	6.72886e-06	
1120.000000	0.0490485 	1120.000000	0.0504078 	1120.000000	0.0502021 	1120.000000	0.0495785 	1120.000000	0.0504012 	1120.000000	6.6175e-06	
1140.000000	0.0489011 	1140.000000	0.0502606 	1140.000000	0.050058  	1140.000000	0.049435  	1140.000000	0.0502541 	1140.000000	6.50989e-06	
1160.000000	0.0487622 	1160.000000	0.0501214 	1160.000000	0.049921  	1160.000000	0.0492985 	1160.000000	0.0501149 	1160.000000	6.40584e-06	
1180.000000	0.0486315 	1180.000000	0.0499896 	1180.000000	0.0497906 	1180.000000	0.0491686 	1180.000000	0.0499833 	1180.000000	6.30519e-06	
1200.000000	0.0485085 	1200.000000	0.0498649 	1200.000000	0.0496661 	1200.000000	0.0490448 	1200.000000	0.0498587 	1200.000000	6.20776e-06	
1220.000000	0.0483929 	1220.000000	0.049747  	1220.000000	0.049547  	1220.000000	0.048927  	1220.000000	0.0497409 	1220.000000	6.1134e-06	
1240.000000	0.0482844 	1240.000000	0.0496355 	1240.000000	0.0494331 	1240.000000	0.0488147 	1240.000000	0.0496295 	1240.000000	6.02196e-06	
1260.000000	0.0481826 	1260.000000	0.0495302 	1260.000000	0.0493243 	1260.000000	0.0487077 	1260.000000	0.0495243 	1260.000000	5.93332e-06	
1280.000000	0.0480873 	1280.000000	0.0494307 	1280.000000	0.0492207 	1280.000000	0.0486058 	1280.000000	0.0494249 	1280.000000	5.84733e-06	
1300.000000	0.0479981 	1300.000000	0.0493369 	1300.000000	0.0491221 	1300.000000	0.0485087 	1300.000000	0.0493311 	1300.000000	5.76389e-06	
1320.000000	0.0479149 	1320.000000	0.0492484 	1320.000000	0.0490284 	1320.000000	0.0484161 	1320.000000	0.0492427 	1320.000000	5.68288e-06	
1340.000000	0.0478374 	1340.000000	0.049165  	1340.000000	0.0489395 	1340.000000	0.0483278 	1340.000000	0.0491594 	1340.000000	5.6042e-06	
1360.000000	0.0477654 	1360.000000	0.0490865 	1360.000000	0.048855  	1360.000000	0.0482436 	1360.000000	0.049081  	1360.000000	5.52774e-06	
1380.000000	0.0476985 	1380.000000	0.0490127 	1380.000000	0.0487744 	1380.000000	0.0481634 	1380.000000	0.0490073 	1380.000000	5.45341e-06	
1400.000000	0.0476367 	1400.000000	0.0489434 	1400.000000	0.0486977 	1400.000000	0.048087  	1400.000000	0.048938  	1400.000000	5.38112e-06	
1420.000000	0.0475797 	1420.000000	0.0488784 	1420.000000	0.0486244 	1420.000000	0.048014  	1420.000000	0.048873  	1420.000000	5.31079e-06	
1440.000000	0.0475274 	1440.000000	0.0488174 	1440.000000	0.0485543 	1440.000000	0.0479445 	1440.000000	0.0488122 	1440.000000	5.24234e-06	
1460.000000	0.0474795 	1460.000000	0.0487605 	1460.000000	0.0484872 	1460.000000	0.0478783 	1460.000000	0.0487553 	1460.000000	5.17569e-06	
1480.000000	0.0474359 	1480.000000	0.0487073 	1480.000000	0.048423  	1480.000000	0.0478152 	1480.000000	0.0487022 	1480.000000	5.11077e-06	
1500.000000	0.0473965 	1500.000000	0.0486578 	1500.000000	0.0483617 	1500.000000	0.047755  	1500.000000	0.0486528 	1500.000000	5.04752e-06	
1520.000000	0.0473611 	1520.000000	0.0486118 	1520.000000	0.0483032 	1520.000000	0.0476976 	1520.000000	0.0486068 	1520.000000	4.98587e-06	
1540.000000	0.0473295 	1540.000000	0.0485692 	1540.000000	0.0482474 	1540.000000	0.047643  	1540.000000	0.0485643 	1540.000000	4.92576e-06	
1560.000000	0.0473016 	1560.000000	0.0485298 	1560.000000	0.0481943 	1560.000000	0.047591  	1560.000000	0.0485249 	1560.000000	4.86713e-06	
1580.000000	0.0472774 	1580.000000	0.0484935 	1580.000000	0.0481438 	1580.000000	0.0475415 	1580.000000	0.0484887 	1580.000000	4.80993e-06	
1600.000000	0.0472566 	1600.000000	0.0484603 	1600.000000	0.0480958 	1600.000000	0.0474943 	1600.000000	0.0484555 	1600.000000	4.7541e-06	
1620.000000	0.0472391 	1620.000000	0.0484299 	1620.000000	0.0480504 	1620.000000	0.0474494 	1620.000000	0.0484252 	1620.000000	4.6996e-06	
1640.000000	0.0472249 	1640.000000	0.0484023 	1640.000000	0.0480072 	1640.000000	0.0474067 	1640.000000	0.0483977 	1640.000000	4.64637e-06	
1660.000000	0.0472138 	1660.000000	0.0483774 	1660.000000	0.0479663 	1660.000000	0.0473661 	1660.000000	0.0483728 	1660.000000	4.59439e-06	
1680.000000	0.0472058 	1680.000000	0.0483551 	1680.000000	0.0479275 	1680.000000	0.0473275 	1680.000000	0.0483506 	1680.000000	4.54359e-06	
1700.000000	0.0472006 	1700.000000	0.0483353 	1700.000000	0.0478906 	1700.000000	0.0472909 	1700.000000	0.0483309 	1700.000000	4.49394e-06	
1750.000000	0.0472001 	1750.000000	0.0482963 	1750.000000	0.0478063 	1750.000000	0.0472071 	1750.000000	0.0482919 	1750.000000	4.37459e-06	
1800.000000	0.047216  	1800.000000	0.0482711 	1800.000000	0.0477323 	1800.000000	0.0471339 	1800.000000	0.0482668 	1800.000000	4.26163e-06	
1850.000000	0.0472472 	1850.000000	0.0482587 	1850.000000	0.0476673 	1850.000000	0.0470701 	1850.000000	0.0482545 	1850.000000	4.15455e-06	
1900.000000	0.0472925 	1900.000000	0.048258  	1900.000000	0.0476106 	1900.000000	0.0470149 	1900.000000	0.0482539 	1900.000000	4.05289e-06	
1950.000000	0.047351  	1950.000000	0.0482682 	1950.000000	0.0475616 	1950.000000	0.0469675 	1950.000000	0.0482642 	1950.000000	3.95625e-06	
2000.000000	0.0474218 	2000.000000	0.0482884 	2000.000000	0.0475196 	2000.000000	0.0469272 	2000.000000	0.0482845 	2000.000000	3.86426e-06	
2100.000000	0.0475973 	2100.000000	0.0483562 	2100.000000	0.0474547 	2100.000000	0.0468655 	2100.000000	0.0483525 	2100.000000	3.69295e-06	
2200.000000	0.0478135 	2200.000000	0.0484562 	2200.000000	0.0474119 	2200.000000	0.0468254 	2200.000000	0.0484527 	2200.000000	3.53665e-06	
2300.000000	0.0480656 	2300.000000	0.0485843 	2300.000000	0.0473878 	2300.000000	0.0468034 	2300.000000	0.0485809 	2300.000000	3.39345e-06	
2400.000000	0.04835   	2400.000000	0.0487369 	2400.000000	0.0473798 	2400.000000	0.0467967 	2400.000000	0.0487336 	2400.000000	3.26174e-06	
2500.000000	0.0486632 	2500.000000	0.0489111 	2500.000000	0.0473851 	2500.000000	0.0468028 	2500.000000	0.0489079 	2500.000000	3.1402e-06	
2600.000000	0.0490024 	2600.000000	0.0491043 	2600.000000	0.0474016 	2600.000000	0.0468198 	2600.000000	0.0491013 	2600.000000	3.02767e-06	
2700.000000	0.0493654 	2700.000000	0.0493145 	2700.000000	0.0474274 	2700.000000	0.0468459 	2700.000000	0.0493116 	2700.000000	2.92317e-06	
2800.000000	0.04975   	2800.000000	0.0495398 	2800.000000	0.0474609 	2800.000000	0.0468799 	2800.000000	0.049537  	2800.000000	2.82587e-06	
2900.000000	0.0501544 	2900.000000	0.0497786 	2900.000000	0.0475009 	2900.000000	0.0469206 	2900.000000	0.0497758 	2900.000000	2.73504e-06	
3000.000000	0.0505771 	3000.000000	0.0500295 	3000.000000	0.0475463 	3000.000000	0.0469669 	3000.000000	0.0500268 	3000.000000	2.65005e-06	
3200.000000	0.051472  	3200.000000	0.050563  	3200.000000	0.0476506 	3200.000000	0.0470731 	3200.000000	0.0505605 	3200.000000	2.49545e-06	
3400.000000	0.0524255 	3400.000000	0.0511325 	3400.000000	0.0477688 	3400.000000	0.0471933 	3400.000000	0.0511302 	3400.000000	2.3584e-06	
3600.000000	0.0534307 	3600.000000	0.0517317 	3600.000000	0.0478973 	3600.000000	0.0473234 	3600.000000	0.0517295 	3600.000000	2.23606e-06	
3800.000000	0.0544816 	3800.000000	0.0523558 	3800.000000	0.048033  	3800.000000	0.0474603 	3800.000000	0.0523537 	3800.000000	2.12615e-06	
4000.000000	0.0555738 	4000.000000	0.0530009 	4000.000000	0.0481737 	4000.000000	0.047602  	4000.000000	0.0529989 	4000.000000	2.02685e-06	
4200.000000	0.0567036 	4200.000000	0.0536638 	4200.000000	0.0483176 	4200.000000	0.0477466 	4200.000000	0.0536618 	4200.000000	1.93668e-06	
4400.000000	0.0578677 	4400.000000	0.0543418 	4400.000000	0.0484631 	4400.000000	0.0478928 	4400.000000	0.05434   	4400.000000	1.85443e-06	
4600.000000	0.0590637 	4600.000000	0.055033  	4600.000000	0.0486094 	4600.000000	0.0480398 	4600.000000	0.0550312 	4600.000000	1.77909e-06	
4800.000000	0.0602894 	4800.000000	0.0557355 	4800.000000	0.0487556 	4800.000000	0.0481867 	4800.000000	0.0557338 	4800.000000	1.70981e-06	
5000.000000	0.0615429 	5000.000000	0.0564478 	5000.000000	0.0489011 	5000.000000	0.0483329 	5000.000000	0.0564461 	5000.000000	1.64588e-06	
5250.000000	0.0631467 	5250.000000	0.0573501 	5250.000000	0.0490814 	5250.000000	0.048514  	5250.000000	0.0573485 	5250.000000	1.57258e-06	
5500.000000	0.0647891 	5500.000000	0.0582638 	5500.000000	0.0492593 	5500.000000	0.0486928 	5500.000000	0.0582623 	5500.000000	1.50572e-06	
6000.000000	0.0681815 	6000.000000	0.0601188 	6000.000000	0.0496065 	6000.000000	0.0490417 	6000.000000	0.0601174 	6000.000000	1.38817e-06	
6500.000000	0.071707  	6500.000000	0.0620024 	6500.000000	0.0499408 	6500.000000	0.0493775 	6500.000000	0.0620011 	6500.000000	1.28812e-06	
7000.000000	0.0753561 	7000.000000	0.0639074 	7000.000000	0.0502608 	7000.000000	0.0496994 	7000.000000	0.0639062 	7000.000000	1.2019e-06	
7500.000000	0.0791219 	7500.000000	0.0658285 	7500.000000	0.0505679 	7500.000000	0.0500074 	7500.000000	0.0658273 	7500.000000	1.1268e-06	
8000.000000	0.082999  	8000.000000	0.0677616 	8000.000000	0.0508616 	8000.000000	0.0503019 	8000.000000	0.0677606 	8000.000000	1.06079e-06	
8500.000000	0.0869835 	8500.000000	0.069704  	8500.000000	0.0511427 	8500.000000	0.0505835 	8500.000000	0.069703  	8500.000000	1.00229e-06	
9000.000000	0.0910722 	9000.000000	0.0716533 	9000.000000	0.0514118 	9000.000000	0.0508529 	9000.000000	0.0716524 	9000.000000	9.50074e-07	
9500.000000	0.0952627 	9500.000000	0.0736079 	9500.000000	0.0516688 	9500.000000	0.0511107 	9500.000000	0.073607  	9500.000000	9.03181e-07	
10000.000000	0.0995532 	10000.000000	0.0755663 	10000.000000	0.0519142 	10000.000000	0.0513577 	10000.000000	0.0755654 	10000.000000	8.60826e-07	
11000.000000	0.108428  	11000.000000	0.0794906 	11000.000000	0.0523748 	11000.000000	0.0518218 	11000.000000	0.0794898 	11000.000000	7.87305e-07	
12000.000000	0.117688  	12000.000000	0.0834201 	12000.000000	0.0528006 	12000.000000	0.0522503 	12000.000000	0.0834194 	12000.000000	7.2566e-07	
13000.000000	0.127328  	13000.000000	0.0873508 	13000.000000	0.0531955 	13000.000000	0.0526475 	13000.000000	0.0873501 	13000.000000	6.73205e-07	
14000.000000	0.137344  	14000.000000	0.09128   	14000.000000	0.0535631 	14000.000000	0.0530172 	14000.000000	0.0912793 	14000.000000	6.28012e-07	
15000.000000	0.147734  	15000.000000	0.0952058 	15000.000000	0.0539062 	15000.000000	0.0533626 	15000.000000	0.0952052 	15000.000000	5.88659e-07	
16000.000000	0.158497  	16000.000000	0.0991272 	16000.000000	0.0542271 	16000.000000	0.0536863 	16000.000000	0.0991267 	16000.000000	5.54073e-07	
17000.000000	0.169634  	17000.000000	0.103043  	17000.000000	0.0545282 	17000.000000	0.0539908 	17000.000000	0.103043  	17000.000000	5.23429e-07	
18000.000000	0.181143  	18000.000000	0.106954  	18000.000000	0.0548117 	18000.000000	0.0542779 	18000.000000	0.106953  	18000.000000	4.96086e-07	
19000.000000	0.193027  	19000.000000	0.110858  	19000.000000	0.0550793 	19000.000000	0.0545495 	19000.000000	0.110857  	19000.000000	4.71531e-07	
20000.000000	0.205286  	20000.000000	0.114756  	20000.000000	0.0553328 	20000.000000	0.054807  	20000.000000	0.114755  	20000.000000	4.49357e-07	
21000.000000	0.217922  	21000.000000	0.118647  	21000.000000	0.0555736 	21000.000000	0.0550517 	21000.000000	0.118647  	21000.000000	4.29229e-07	
22000.000000	0.230936  	22000.000000	0.122532  	22000.000000	0.0558028 	22000.000000	0.0552847 	22000.000000	0.122532  	22000.000000	4.10874e-07	
23000.000000	0.24433   	23000.000000	0.126411  	23000.000000	0.0560202 	23000.000000	0.0555071 	23000.000000	0.126411  	23000.000000	3.94066e-07	
24000.000000	0.258105  	24000.000000	0.130283  	24000.000000	0.0562272 	24000.000000	0.0557197 	24000.000000	0.130283  	24000.000000	3.78616e-07	
25000.000000	0.272265  	25000.000000	0.134149  	25000.000000	0.0564256 	25000.000000	0.0559232 	25000.000000	0.134149  	25000.000000	3.64364e-07	
26000.000000	0.28681   	26000.000000	0.138009  	26000.000000	0.0566164 	26000.000000	0.0561185 	26000.000000	0.138009  	26000.000000	3.51175e-07	
27000.000000	0.301743  	27000.000000	0.141863  	27000.000000	0.0568    	27000.000000	0.056306  	27000.000000	0.141862  	27000.000000	3.38932e-07	
28000.000000	0.317067  	28000.000000	0.14571   	28000.000000	0.0569763 	28000.000000	0.0564864 	28000.000000	0.14571   	28000.000000	3.27538e-07	
29000.000000	0.332784  	29000.000000	0.149552  	29000.000000	0.0571453 	29000.000000	0.0566601 	29000.000000	0.149552  	29000.000000	3.16905e-07	
30000.000000	0.348896  	30000.000000	0.153388  	30000.000000	0.0573076 	30000.000000	0.0568276 	30000.000000	0.153388  	30000.000000	3.06959e-07	
32000.000000	0.382314  	32000.000000	0.161044  	32000.000000	0.057614  	32000.000000	0.0571456 	32000.000000	0.161043  	32000.000000	2.88876e-07	
34000.000000	0.417343  	34000.000000	0.168678  	34000.000000	0.0578992 	34000.000000	0.0574432 	34000.000000	0.168677  	34000.000000	2.72858e-07	
36000.000000	0.454002  	36000.000000	0.176291  	36000.000000	0.0581656 	36000.000000	0.0577228 	36000.000000	0.176291  	36000.000000	2.58567e-07	
38000.000000	0.492313  	38000.000000	0.183885  	38000.000000	0.0584154 	38000.000000	0.0579862 	38000.000000	0.183885  	38000.000000	2.45736e-07	
40000.000000	0.532298  	40000.000000	0.19146   	40000.000000	0.0586503 	40000.000000	0.0582353 	40000.000000	0.19146   	40000.000000	2.3415e-07	
42000.000000	0.573977  	42000.000000	0.199017  	42000.000000	0.0588721 	42000.000000	0.0584714 	42000.000000	0.199017  	42000.000000	2.23635e-07	
44000.000000	0.617373  	44000.000000	0.206557  	44000.000000	0.0590822 	44000.000000	0.0586958 	44000.000000	0.206557  	44000.000000	2.14048e-07	
46000.000000	0.662508  	46000.000000	0.21408   	46000.000000	0.0592819 	46000.000000	0.0589096 	46000.000000	0.21408   	46000.000000	2.0527e-07	
48000.000000	0.709405  	48000.000000	0.221587  	48000.000000	0.0594718 	48000.000000	0.0591136 	48000.000000	0.221587  	48000.000000	1.97201e-07	
50000.000000	0.758086  	50000.000000	0.22908   	50000.000000	0.0596518 	50000.000000	0.0593087 	50000.000000	0.229079  	50000.000000	1.8976e-07	
